120
123
122
125
118
114
126
111
121
113
127
128
123
124
125
112
92
124
123
91
126
127
112
92
116
90
124
92
113
90
90
124
125
94
93
92
125
120
91
93
92
122
128
118
91
120
91
92
125
121
115
122
120
128
111
126
115
94
92
121
90
123
91
123
115
125
111
119
123
115
125
111
112
120
111
91
91
124
126
112
94
91
127
93
91
124
128
111
115
87
88
124
123
121
126
120
124
121
123
122
128
118
123
117
122
120
125
123
124
126
120
111
120
115
120
122
129
122
125
127
122
123
122
113
92
123
115
126
92
129
113
115
90
125
125
116
93
124
124
128
120
126
117
112
92
87
114
128
121
118
112
91
121
92
120
118
129
118
116
117
112
92
123
92
120
116
114
87
88
92
126
91
92
93
127
112
120
91
92
91
93
115
121
115
127
125
112
126
127
119
125
125
126
111
115
120
124
128
115
118
123
92
124
91
127
119
127
91
128
88
128
122
113
125
116
119
116
120
120
122
122
92
120
92
119
91
91
121
91
88
90
115
93
125
123
122
122
122
122
126
112
121
126
123
119
124
118
119
125
93
87
90
93
122
120
111
29021
