91
90
88
90
92
91
83
92
93
91
87
89
93
92
86
85
85
75
92
92
92
89
75
76
86
75
86
93
89
91
77
86
91
74
92
75
73
77
76
83
77
92
75
86
93
91
91
77
83
73
89
75
73
77
93
76
76
89
89
90
77
77
74
73
93
91
83
88
73
86
76
83
76
76
75
75
91
76
76
75
93
91
93
75
76
93
75
75
73
91
93
89
92
86
91
92
87
76
77
77
82
92
77
76
82
76
76
82
76
90
83
85
77
77
91
90
77
94
89
74
84
73
88
89
77
91
92
83
93
90
89
76
91
75
92
88
75
76
93
77
88
93
90
75
83
84
76
76
83
90
92
90
77
93
76
82
77
92
92
76
90
91
92
87
76
92
93
76
89
76
93
76
76
83
89
93
91
73
78
92
83
75
92
91
89
84
76
92
76
86
81
90
91
75
76
89
92
89
77
86
77
74
90
89
87
84
73
76
85
94
88
90
91
73
77
75
88
87
91
77
93
89
82
92
77
76
85
93
89
90
73
89
83
93
92
82
85
75
77
89
82
92
75
83
82
76
93
82
87
92
76
76
75
77
75
89
90
78
94
76
93
91
88
77
90
86
83
76
90
75
86
91
78
92
93
76
86
77
88
92
90
77
76
77
84
77
75
77
77
92
82
92
77
75
86
93
73
87
87
89
86
77
76
75
75
86
77
76
83
73
91
76
91
89
75
76
88
93
85
75
85
90
90
76
92
92
83
76
75
76
77
88
90
76
75
93
87
76
77
92
76
76
93
76
89
91
74
77
90
89
77
92
94
75
91
75
82
88
88
76
87
74
78
91
89
76
89
77
93
93
77
89
89
74
77
92
85
76
93
77
82
87
77
92
77
90
89
91
91
77
75
92
76
90
91
92
75
91
89
77
93
75
94
93
77
90
83
75
76
90
88
75
76
83
91
93
77
93
75
93
76
90
76
92
77
73
83
76
76
83
93
76
91
76
75
72
93
83
75
92
76
77
73
92
91
75
76
86
76
76
89
87
93
91
91
76
74
76
92
86
87
82
92
73
76
92
77
90
89
91
90
92
88
77
93
90
89
90
91
90
87
83
90
93
88
89
87
82
89
91
93
91
89
87
83
93
89
90
85
83
92
92
90
92
92
87
87
83
91
94
93
89
43066
