158
158
157
157
164
157
163
157
156
157
161
161
163
158
165
163
163
162
161
156
163
154
155
158
156
159
160
160
156
155
164
163
158
160
157
158
157
158
157
160
165
155
164
163
156
163
166
158
162
160
158
163
166
164
167
158
161
166
157
159
157
160
160
157
166
163
163
162
160
159
160
165
168
161
160
159
161
164
166
159
159
159
159
159
159
160
163
166
163
168
162
168
161
169
165
167
164
165
166
165
159
162
167
160
161
168
167
159
159
161
167
160
162
167
165
165
165
159
168
166
160
165
165
167
167
169
161
161
20675
