57
60
60
57
59
63
62
56
55
60
58
61
58
61
59
55
56
55
61
57
62
59
59
58
58
59
58
60
58
59
59
54
59
57
56
59
58
55
53
56
59
58
54
60
59
56
55
59
59
61
53
58
58
65
53
58
59
64
53
58
61
60
52
54
36
57
58
57
60
58
60
55
36
55
66
57
56
56
55
55
36
66
58
54
62
36
65
62
57
36
58
54
66
65
58
58
57
36
66
58
63
56
59
36
66
60
59
36
58
58
56
56
66
58
53
55
52
59
36
65
58
55
52
63
36
56
55
35
63
65
54
65
55
61
55
55
36
56
54
55
36
63
60
61
58
59
59
57
63
55
36
61
63
55
60
63
64
59
54
35
58
55
65
58
36
61
58
60
56
64
58
55
65
65
59
54
57
62
59
60
63
58
53
54
64
59
60
57
54
53
61
60
61
53
56
54
65
58
53
57
63
52
64
66
61
59
64
58
59
55
59
57
53
53
65
56
60
55
56
58
60
59
53
54
56
59
64
65
65
61
54
54
58
60
62
56
59
56
55
58
64
59
59
56
63
57
60
55
65
54
54
59
60
57
55
55
55
58
61
54
59
64
60
60
59
62
57
64
58
66
55
57
57
55
43
58
59
58
59
55
58
59
54
42
60
53
54
58
54
62
55
55
64
43
57
58
54
54
60
54
59
63
60
54
58
56
59
54
54
58
57
58
58
62
59
55
43
62
57
58
58
62
54
56
57
56
60
54
43
64
57
58
54
58
50
56
60
62
55
54
53
57
44
60
57
54
56
62
61
54
54
54
58
55
55
55
57
59
58
58
43
65
56
55
58
56
55
55
55
62
58
43
57
66
55
57
63
66
54
54
54
58
54
56
55
57
58
43
59
55
57
58
59
56
56
55
59
60
55
60
55
54
58
52
63
60
54
43
65
57
57
66
49
52
55
65
60
43
59
60
56
59
63
59
56
55
56
48
54
57
55
60
60
61
57
56
53
56
54
54
54
54
58
66
54
49
56
58
59
54
43
62
61
54
60
60
54
54
58
55
58
60
53
60
54
57
56
55
63
54
65
66
57
54
55
55
64
63
59
62
54
53
56
58
55
54
59
55
54
58
60
56
53
58
56
63
53
59
64
53
30
65
62
60
52
57
55
63
55
59
30
65
55
53
55
56
58
56
59
59
61
54
60
53
49
57
55
62
63
58
57
65
54
58
53
56
55
54
30
58
57
60
56
54
56
65
63
54
63
56
55
52
30
60
59
56
57
54
63
56
29
59
52
55
54
55
55
56
43
58
60
59
56
60
53
53
55
57
53
56
63
65
60
56
53
53
56
55
54
30
53
58
49
56
54
58
57
59
64
58
58
30
59
55
61
53
55
53
54
54
59
54
55
53
58
58
58
57
60
54
56
30
62
57
57
58
57
58
62
56
58
59
57
55
59
59
52
56
54
30
62
63
55
56
57
64
59
59
65
54
55
58
29
65
55
57
54
55
56
53
64
60
52
57
64
59
56
59
56
64
62
29
65
64
53
49
58
57
54
58
54
62
64
64
57
55
53
53
30
59
57
49
53
63
57
64
30
65
57
64
55
53
54
57
55
54
64
58
59
49
63
60
61
55
29
58
58
56
55
52
53
55
54
55
59
58
59
58
56
59
58
53
30
58
66
54
52
56
54
30
61
61
54
62
64
65
52
53
55
58
58
54
57
57
58
58
60
58
55
61
53
56
53
59
58
54
52
59
59
54
59
54
61
55
60
60
57
53
55
54
54
56
66
56
58
64
60
60
62
55
56
58
55
59
59
56
65
55
61
60
57
57
60
54
61
61
61
57
53
55
58
59
58
56
57
54
65
61
59
58
58
55
57
63
59
59
60
58
56
58
61
59
57
55
58
58
58
57
56
55
30
55
53
56
60
30
59
59
57
55
56
60
65
58
54
62
59
30
53
57
52
57
66
60
53
55
54
29
53
55
63
64
62
61
57
59
53
55
65
57
54
56
64
59
62
61
53
54
58
57
60
59
54
57
58
54
64
58
57
64
58
64
59
60
55
62
55
65
59
55
54
59
59
54
56
55
60
54
54
60
55
59
63
54
52
60
63
56
57
60
52
63
56
61
61
52
54
64
59
52
64
60
60
60
65
60
63
65
58
59
58
61
58
64
59
60
58
64
62
59
65
54
58
56
59
56
56
56
56
56
61
58
55
58
57
57
59
55
57
55
57
58
55
57
57
56
54
56
55
54
56
59
56
58
56
59
57
57
56
53
53
54
55
53
54
57
63
56
59
54
55
58
56
56
55
54
55
53
55
52
55
63
58
60
