54
54
110
75
36
36
99
35
49
50
51
48
93
110
84
82
65
67
80
78
218
79
146
78
76
74
78
79
109
68
86
82
81
55
98
57
36
67
82
49
36
110
103
48
84
108
86
107
93
75
100
84
78
58
103
57
78
87
112
79
56
28
55
80
56
57
46
94
56
56
69
87
76
108
75
220
65
99
108
69
56
110
55
56
51
85
51
53
69
69
84
111
67
69
45
45
89
41
108
42
44
46
48
71
64
180
63
137
50
64
50
49
91
46
100
101
83
48
83
91
51
51
88
90
97
97
97
87
183
110
110
216
100
54
77
99
50
51
112
51
105
81
96
100
78
108
69
77
111
110
112
110
97
97
72
99
74
108
107
84
100
101
107
84
71
71
77
83
215
216
66
66
108
108
112
111
105
112
111
111
106
108
48
49
107
98
110
90
46
100
106
107
109
215
109
220
107
74
97
83
106
107
103
72
107
63
106
64
67
101
51
106
221
207
90
90
109
214
216
218
109
212
83
84
96
60
106
60
107
111
215
109
184
105
66
67
108
109
105
106
92
73
105
79
89
74
107
74
218
109
106
105
70
109
105
70
49
108
49
106
61
56
105
59
213
210
106
106
108
109
110
108
66
106
47
46
47
49
109
105
81
107
106
113
76
74
211
106
57
57
107
110
218
209
96
108
81
100
107
108
106
75
107
105
104
97
110
107
95
104
110
217
210
106
107
208
104
106
106
111
92
112
105
91
106
85
103
79
103
105
80
53
106
103
110
92
67
103
109
94
105
219
212
104
212
109
108
104
108
108
82
102
109
106
103
106
102
108
57
108
208
94
106
96
107
106
70
70
108
111
110
103
101
62
79
106
103
106
100
103
103
198
111
101
