24
15
11
14
18
15
16
16
22
21
15
14
18
15
20
16
22
23
10
18
21
24
11
18
16
10
14
18
20
16
22
14
15
7
7
8
15
8
28
15
8
15
15
23
23
16
15
23
15
7
16
15
22
15
8
22
23
8
28
7
22
15
16
23
21
10
10
12
11
15
21
13
15
21
37
12
10
11
15
12
12
15
10
13
15
10
11
16
12
11
37
12
12
10
16
12
23
14
8
14
4
8
4
17
4
4
4
13
4
4
8
22
4
13
8
23
8
18
15
3
13
13
4
14
23
4
14
3
16
9
9
19
11
10
9
9
9
13
10
13
10
11
9
16
9
11
16
9
9
10
14
9
9
9
8
11
6
36
13
11
6
19
19
13
15
18
15
18
14
15
6
19
13
6
14
10
6
13
19
10
14
15
6
15
14
10
14
14
14
11
11
14
27
17
6
18
18
10
13
10
17
23
10
23
39
14
18
23
15
14
10
39
23
23
27
22
10
37
10
37
10
29
10
37
17
15
10
37
23
22
21
10
29
13
23
23
15
17
15
37
15
9
15
10
10
38
22
36
15
29
22
24
38
29
22
38
15
11
5
12
20
7
7
14
14
20
15
13
11
7
11
5
5
13
11
15
7
15
13
22
5
15
5
7
22
5
20
14
6
6
13
23
7
7
9
7
21
10
9
9
8
10
7
8
10
9
13
19
13
23
7
8
8
9
13
20
19
10
20
8
39
15
18
36
14
23
21
18
22
36
22
18
36
46
14
22
22
18
23
38
39
18
22
46
21
21
21
22
36
22
14
14
22
14
10
17
12
14
14
14
17
12
17
14
13
30
10
12
10
22
10
10
14
12
11
17
14
17
12
10
15
10
5
22
22
22
5
18
12
12
31
5
14
10
14
12
15
13
11
17
15
22
12
13
30
17
10
5
22
10
11
10
11
16
12
30
15
10
22
5
15
16
22
31
10
10
10
14
16
5
11
14
22
14
10
15
10
12
11
24
18
24
15
11
31
12
10
5
47
21
12
12
12
39
39
12
21
12
39
11
12
12
39
21
12
47
12
12
12
12
12
12
12
39
11
12
103
21
11
39
6
8
6
10
21
11
10
6
9
8
18
18
10
8
5
8
6
10
27
10
10
21
21
10
9
6
27
18
10
8
9
9
13
5
15
14
15
13
42
6
5
6
6
14
14
6
16
11
14
6
6
5
6
12
12
5
5
14
5
6
6
5
13
6
11
9
17
11
44
18
22
22
8
39
18
22
8
11
39
22
17
8
17
11
45
18
39
22
22
21
21
8
17
8
17
18
8
9
11
8
8
8
8
18
10
12
8
18
10
18
12
12
27
51
9
51
12
22
8
12
39
18
8
10
38
26
36
36
25
22
8
18
12
12
10
51
27
18
12
22
8
8
19
26
8
7
12
12
61
19
60
19
18
18
39
22
25
25
19
18
10
29
14
14
10
10
28
14
14
27
27
82
18
18
14
18
79
10
28
29
10
39
82
27
18
38
28
27
10
14
38
10
8
4
12
12
33
4
12
4
13
11
4
4
10
12
13
8
13
13
8
25
10
13
4
8
13
12
25
4
8
4
12
13
9
13
18
9
17
9
17
18
8
9
18
8
13
9
17
9
9
22
23
8
9
18
8
9
17
13
9
17
17
8
17
8
13
19
18
15
17
15
25
10
20
13
10
15
17
18
25
10
20
13
19
15
17
19
25
10
20
19
15
18
10
13
14
18
10
9
9
9
10
8
9
25
9
11
9
9
9
26
11
24
10
9
26
17
18
8
9
10
9
10
7
10
17
18
7
24
18
11
8
9
14
8
17
7
8
15
12
10
12
9
19
10
7
8
8
18
20
15
16
12
11
12
9
19
8
7
8
7
24
9
2
16
2
15
9
2
16
2
2
9
9
16
15
15
22
16
3
9
3
15
47
15
18
18
47
19
9
24
2
18
18
10
10
22
20
17
12
13
12
22
17
13
13
10
12
20
29
22
10
12
12
12
22
12
29
10
12
12
20
10
12
17
19
6
18
10
25
13
12
6
19
22
25
13
25
11
6
6
27
26
15
11
10
12
7
6
18
6
6
7
10
7
11
10
9
14
13
6
7
11
7
10
6
18
7
23
9
11
10
15
19
22
9
9
9
7
10
22
12
7
26
6
14
14
27
7
5
15
14
10
6
14
23
9
7
11
12
14
22
15
14
11
15
13
6
15
18
10
11
10
7
14
18
14
10
10
7
10
8
9
17
10
17
9
7
8
18
12
16
8
16
12
8
18
8
8
10
10
16
18
8
16
7
13
12
13
8
15
11
24
16
8
16
7
8
11
11
17
14
7
13
8
6
6
7
6
14
7
12
15
14
8
15
8
6
11
15
25
8
22
30
15
24
12
23
15
81
13
22
12
12
23
12
22
12
47
12
12
12
80
12
30
12
22
46
11
12
12
12
22
30
22
12
12
19
15
18
19
15
12
18
19
14
28
21
50
19
14
15
29
13
20
17
10
22
50
10
19
15
14
22
15
21
28
15
12
50
15
7
7
11
19
14
8
21
15
15
13
28
8
10
8
38
12
7
15
15
19
10
39
7
22
16
7
11
19
15
16
21
11
17
11
10
19
10
22
16
11
11
16
15
19
15
8
21
22
17
13
22
7
15
11
22
19
17
13
11
19
13
7
10
12
10
10
10
12
24
12
12
18
19
12
29
12
19
24
12
51
18
10
18
18
51
24
10
29
24
19
29
10
24
24
17
15
11
12
12
8
9
17
12
11
8
6
6
9
8
15
9
8
13
6
6
33
9
5
17
8
11
6
9
12
15
6
22
11
12
14
23
28
31
18
24
14
15
13
28
23
31
17
20
14
22
13
34
14
29
20
25
24
11
16
21
34
19
24
18
15
18
18
18
47
17
15
18
32
15
23
17
28
23
17
28
17
28
17
18
15
18
28
15
18
23
18
32
47
15
23
6
18
14
18
12
10
6
10
12
15
14
6
14
18
10
12
12
15
6
26
13
10
6
6
10
12
10
15
14
27
12
12
18
18
11
11
18
10
11
15
10
11
18
10
18
21
18
18
15
11
11
15
44
22
15
10
11
15
21
18
22
15
18
18
20
16
16
4
4
21
16
15
12
15
20
11
12
4
15
11
12
12
12
4
15
15
15
4
16
16
11
12
12
15
17
11
4
10
4
4
14
15
12
10
7
18
12
12
4
8
4
10
17
12
4
10
10
11
14
20
18
20
4
18
7
18
7
7
24
17
14
23
14
17
17
17
17
17
17
22
14
17
22
24
14
14
21
17
17
18
7
17
12
17
12
17
7
24
23
39
24
17
12
17
12
10
22
9
11
14
15
15
9
15
24
12
24
12
23
10
13
10
13
15
12
10
13
12
12
12
10
10
15
7
12
9
12
15
13
12
24
22
12
10
11
10
7
7
10
23
12
15
15
10
23
11
24
10
9
9
22
10
10
8
29
9
22
30
22
18
9
9
28
18
22
18
29
18
9
9
18
30
23
23
23
22
31
18
18
23
22
28
18
31
18
22
10
12
8
10
10
12
18
12
13
8
13
9
7
7
7
18
10
7
8
7
8
8
12
13
10
12
10
12
10
10
8
10
8
10
10
11
11
4
8
10
10
18
10
8
4
8
17
10
17
22
21
18
14
18
11
10
17
18
4
37
18
22
12
25
10
10
60
10
10
24
4
22
18
9
10
30
11
11
18
18
24
18
4
29
18
17
21
38
4
9
25
12
10
18
21
29
17
18
14
38
18
29
18
13
30
29
14
18
18
14
18
24
28
10
18
24
38
12
18
21
18
17
30
36
28
10
28
11
16
50
29
25
15
29
19
11
9
49
49
26
15
16
19
11
9
9
29
26
15
16
19
11
9
9
29
15
16
19
10
9
15
13
13
15
13
13
7
13
10
11
7
13
15
13
13
13
7
10
15
13
10
13
27
13
14
13
13
13
27
10
7
7
18
18
11
16
29
16
14
18
18
18
11
16
29
11
16
9
14
11
18
11
19
10
11
11
13
16
29
9
16
13
14
11
14
18
18
13
11
18
11
11
13
16
9
29
16
11
13
14
16
11
14
19
11
9
18
13
18
11
13
9
13
9
13
13
8
13
15
11
13
13
9
8
13
9
13
13
18
11
13
9
18
12
13
11
14
13
13
15
19
15
63
15
13
19
13
12
13
19
18
19
11
12
14
31
21
11
15
15
12
12
14
31
38
22
21
32
15
19
15
15
12
22
18
21
12
38
15
31
12
12
17
7
12
7
12
7
7
7
17
12
7
12
12
29
7
17
6
12
20
7
28
17
17
7
12
7
18
7
7
19
10
17
18
12
4
4
10
7
4
13
18
4
4
7
4
9
7
4
10
10
11
11
10
4
7
54
44
7
12
10
7
23
18
10
10
48
14
20
39
10
30
9
15
14
10
15
31
14
15
14
23
30
15
23
20
14
39
15
9
14
23
15
40
13
22
14
18
21
21
9
10
15
10
14
15
18
23
9
47
15
12
23
10
20
12
21
15
17
30
31
22
14
15
12
14
17
13
14
18
19
19
22
19
13
18
18
18
19
18
19
21
18
13
17
19
7
50
18
19
17
80
18
10
49
22
7
18
18
18
17
22
18
10
19
50
7
18
18
18
13
19
13
21
13
24
13
7
7
12
24
18
10
17
17
18
13
10
12
24
7
6
6
6
15
18
18
8
10
15
15
17
10
7
10
7
11
6
10
17
6
8
15
6
20
10
10
6
17
8
8
6
9
6
8
5
15
14
10
19
22
7
7
13
15
15
7
8
10
17
20
10
11
18
6
22
14
42
7
13
14
11
11
15
13
7
7
10
15
7
12
20
11
7
6
20
13
11
12
11
15
7
9
15
25
9
24
6
14
7
13
11
25
7
10
25
17
7
22
20
24
6
10
9
17
12
20
6
10
22
20
10
22
25
22
13
10
17
10
17
13
17
10
24
22
103
13
25
20
18
12
37
12
9
12
4
8
9
4
4
8
9
20
18
4
4
20
4
8
4
8
4
8
8
19
12
18
59
37
8
17
10
16
23
9
15
23
9
16
10
16
16
23
24
9
24
60
9
48
9
48
9
24
9
10
10
16
9
48
16
21
10
60
22
28
22
20
23
18
22
28
13
23
12
20
18
20
22
18
28
12
23
28
17
12
31
13
20
23
22
31
19
12
20
12
10
10
12
13
13
12
17
17
13
10
12
13
13
12
17
17
13
13
13
12
18
17
13
10
12
10
12
13
13
12
17
12
18
4
5
8
16
14
8
5
5
11
14
8
11
8
11
15
14
8
12
12
15
14
12
5
11
14
18
16
15
5
16
12
18
18
38
14
62
14
12
18
38
18
18
22
12
14
22
12
18
18
14
22
12
38
12
14
18
77
61
12
12
22
18
18
7
12
7
13
13
12
7
12
15
22
48
21
11
22
18
10
18
40
7
21
15
13
7
10
13
21
7
22
105
13
10
16
25
9
7
30
15
18
15
9
13
10
12
40
8
18
18
45
10
18
10
80
31
10
9
7
18
48
30
10
12
13
22
39
8
22
12
13
10
15
15
12
8
15
11
15
18
15
9
45
9
10
15
18
9
10
11
8
9
10
10
10
11
24
10
11
7
6
7
8
21
11
15
17
16
6
6
17
7
7
12
16
8
12
6
7
21
11
6
11
16
12
6
17
15
14
15
18
17
15
11
29
17
6
22
22
18
79
17
17
21
22
22
22
29
22
18
17
15
22
18
22
22
16
22
18
21
22
22
18
13
3
3
22
7
3
8
13
8
7
7
8
7
26
13
7
8
7
22
3
26
25
22
15
8
25
21
14
7
3
13
13
17
7
7
7
7
9
7
7
15
13
7
15
13
10
10
15
13
17
10
7
9
9
7
7
7
7
13
10
17
7
9
7
14
39
12
18
14
38
12
18
18
18
36
38
14
36
11
18
12
12
13
24
104
38
24
24
13
39
39
18
36
13
36
11
10
25
14
12
21
14
21
12
6
6
10
16
16
6
14
21
6
14
25
14
13
16
12
16
21
6
21
9
10
13
9
20
15
8
24
25
9
24
9
13
16
15
9
16
9
15
13
9
13
16
9
15
9
13
9
25
13
13
9
15
13
16
25
13
17
9
10
5
8
12
10
30
12
9
8
5
5
9
12
29
8
8
12
5
10
30
9
12
31
10
5
10
9
10
5
31
29
14
17
7
17
9
8
5
6
14
9
7
6
11
10
10
6
6
9
10
9
10
38
9
14
6
9
14
6
6
9
6
18
7
23
46
30
6
18
7
6
6
14
14
11
22
29
14
6
23
18
46
6
7
6
11
14
11
14
7
22
7
17
17
5
14
5
5
23
16
5
25
5
11
14
30
4
4
17
4
4
30
5
23
14
14
3
12
5
25
4
11
17
23
14
30
12
29
23
11
11
15
11
17
11
36
30
15
15
30
36
23
17
30
29
29
15
11
11
29
22
36
22
29
36
60
17
16
8
9
8
6
11
14
6
13
12
9
30
5
6
6
5
11
10
14
8
10
12
9
9
5
30
30
12
9
12
11
11
9
9
19
17
18
14
19
14
14
9
18
9
14
9
14
14
14
14
18
13
18
14
19
53
17
9
18
19
18
14
18
99
13
98
28
18
13
17
28
28
19
21
19
14
16
17
19
15
19
16
15
13
14
17
16
31
17
19
19
15
27
20
16
20
31
11
19
14
18
11
11
50
19
14
14
11
14
11
14
38
18
18
24
19
14
14
24
14
14
14
24
11
17
38
14
11
10
37
14
15
30
15
15
14
12
14
56
12
14
15
13
12
15
30
12
13
30
56
13
38
12
12
13
14
12
14
13
62
62
22
11
22
11
11
22
11
18
36
18
18
22
18
36
22
39
22
11
79
11
11
18
38
22
39
97
10
18
21
11
22
11
49074
