18
29
27
21
54
51
51
18
31
47
18
32
31
20
32
20
24
16
67
91
36
24
42
25
16
15
66
36
24
42
25
16
17
17
21
38
34
27
17
36
27
36
17
33
21
17
21
17
22
16
31
32
16
36
36
32
15
23
31
67
16
47
15
15
30
27
51
36
12
12
17
27
36
17
31
31
12
30
17
12
24
27
27
24
15
18
22
18
24
35
15
22
18
15
70
35
26
26
17
35
36
26
32
17
24
34
18
36
32
17
33
46
29
33
36
28
28
35
29
26
33
24
18
28
29
28
29
18
27
20
28
28
52
89
26
52
33
26
65
19
33
28
29
33
42
54
24
13
13
27
23
26
31
28
43
24
13
26
31
13
15
31
61
32
17
15
44
15
27
15
17
32
44
17
27
31
17
21
22
14
17
12
21
14
61
87
14
12
22
12
17
13
29
29
23
29
23
30
16
29
16
61
30
29
16
74
29
16
21
27
21
21
17
63
41
72
45
20
24
41
18
20
17
45
24
28
28
26
21
21
17
18
29
26
88
70
18
87
14
24
21
28
18
14
28
14
32
51
33
14
14
74
53
53
28
33
21
31
43
47
37
31
24
21
22
33
25
89
37
66
30
33
25
31
43
70
24
55
65
31
34
24
31
21
66
21
25
22
20
30
14
29
14
14
50
24
13
24
13
24
13
39
14
20
42
25
36
42
28
25
36
20
71
19
28
109
42
20
41
28
16
24
58
24
24
24
35
34
24
27
15
15
51
24
52
28
58
20
21
21
53
15
21
15
37
21
59
20
15
20
21
15
27
74
14
31
13
44
50
46
21
21
51
45
31
27
13
22
20
31
21
20
20
52
62
52
22
62
53
52
20
31
20
22
24
48
29
27
14
42
57
30
14
31
20
16
28
16
48
23
55
24
14
42
16
16
19
14
30
31
29
24
17
48
24
16
27
22
27
28
20
26
32
20
21
33
109
27
20
43
22
22
26
23
32
22
109
48
32
22
23
23
22
33
105
109
22
42
41
35
18
30
30
35
28
21
47
26
40
21
28
20
26
22
18
34
28
21
17
20
28
69
17
21
17
28
34
88
22
28
28
27
37
17
25
28
26
17
48
26
36
29
28
29
36
17
8
29
9
9
64
9
31
9
35
25
35
29
64
32
72
25
69
14
18
35
35
35
47
18
36
22
18
30
21
36
26
14
30
22
11
18
11
14
12
13
21
13
30
26
30
13
12
21
67
28
30
35
30
36
75
89
28
30
67
30
90
27
36
35
24
28
29
51
24
33
60
19
26
19
28
29
51
29
33
26
20
51
20
48
45
49
19
21
42
21
42
24
51
24
20
20
14
42
55
43
23
39
23
31
39
42
38
54
36
43
74
41
14
28
14
31
24
28
14
55
29
38
32
43
28
32
11
54
66
59
31
87
32
66
43
17
48
31
32
17
32
11
31
17
53
66
18
35
43
35
17
67
36
110
43
18
64
18
53
63
41
107
24
33
34
61
33
34
33
24
19
19
35
24
19
41
25
9
10
10
41
9
9
18
70
19
60
61
30
17
72
41
27
23
25
25
53
19
25
18
30
35
17
27
18
33
26
18
21
35
27
17
43
23
23
25
33
21
28
26
25
28
26
28
21
21
42
34
59
28
83
30
68
42
34
28
30
21
34
28
41
35
50
105
35
81
41
34
35
50
41
34
35
33
35
34
17
25
54
17
17
17
30
51
17
60
18
17
25
25
30
25
36
30
36
21
21
35
21
21
21
30
63
35
21
61
22
23
24
53
41
36
28
69
24
28
88
28
24
53
41
69
42
36
73
33
51
24
34
51
24
34
28
24
27
33
42
33
43
35
27
25
73
19
17
25
17
17
19
45
62
31
19
45
84
31
11
27
15
14
11
19
11
14
29
19
64
11
19
37
29
11
20
31
32
24
40
59
48
20
29
20
29
31
31
24
40
24
69
22
29
15
72
36
37
15
25
25
27
29
23
25
27
14
43
21
27
87
21
26
64
20
49
65
42
37
49
27
21
37
33
21
26
33
22
21
25
25
29
21
29
25
22
26
25
88
41
44
60
87
41
30
35
66
31
87
41
30
35
66
31
35
31
51
51
25
62
25
34
33
49
31
23
31
34
25
30
87
82
66
42
50
23
66
23
23
25
65
86
30
30
41
23
23
17
21
21
21
17
27
27
63
17
17
17
56
36
17
17
28
13
14
52
52
17
22
14
14
22
63
17
40
14
14
40
14
51
15
28
42
36
28
59
30
15
36
15
50
55
30
42
27
31
45
17
17
20
40
50
24
50
31
85
20
24
20
40
18
102
68
14
63
24
14
14
107
106
14
63
68
23
63
14
24
41
25
37
63
36
33
42
43
41
25
36
63
35
33
42
43
17
51
17
40
40
31
20
24
14
60
20
24
32
40
41
51
35
35
31
52
31
38
30
51
30
89
52
35
38
102
109
52
45
26
18
13
18
26
14
14
13
14
19
44
13
61
13
69
11
23
11
31
23
16
16
12
31
39
22
21
12
21
39
16
18
18
34
14
31
33
82
14
34
31
62
33
27
28
14
19
19
19
19
41
107
106
42
19
42
42
102
41
41
19
104
42
51
32
32
32
66
51
32
50
86
101
42
33
32
50
42
66
42
42
37
42
101
51
37
42
28
42
42
50
69
72
27
27
30
14
14
35
26
35
69
31
30
13
31
31
58
14
31
26
18
48
18
17
20
17
26
26
48
47
21
47
20
28
28
17
25
28
70
43
41
28
39
21
58
24
100
36
39
11
25
30
40
67
28
30
43
36
25
11
25
36
11
71
20
21
24
11
30
12
35
12
12
43
29
18
31
12
36
18
31
36
55
17
102
54
30
20
30
30
71
20
30
53
100
53
30
70
20
21
42
20
32
83
20
82
20
20
28
99
27
20
25
20
40
42
28
32
65
32
67
103
25
20
29
64
41
25
25
29
67
64
28
15
15
15
30
28
108
15
16
29
102
100
30
16
30
28
72
34
39
33
42
42
42
41
41
33
42
40
98
42
41
40
27
98
23
24
82
21
21
50
27
107
86
24
51
27
21
21
29
29
66
42
30
30
66
29
42
67
99
66
30
109
30
30
31
14
54
30
19
14
54
50
14
19
14
19
60
98
50
14
41
20
52
39
85
84
98
69
31
19
20
52
31
87
20
29
61
52
32
61
50
27
52
98
32
32
50
65
107
65
27
27
34
19
36
19
99
67
34
61
36
36
35
19
36
67
60
100
33
26
43
18
51
33
55
42
29
18
33
33
33
18
97
33
31
31
40
41
41
63
98
31
41
97
42
63
31
43
98
42
90
41
43
101
97
31
91
41
31
20
43
20
20
43
31
31
26
20
33
27
96
39
102
49
50
49
50
20
33
20
33
40
25
53
52
28
25
25
28
33
25
33
52
24
28
72
33
96
28
33
82
22
12
12
65
12
34
34
12
31
28
22
32
31
53769
