320
282
99
95
546
185
130
167
109
109
147
136
108
109
59
146
83
86
146
91
138
147
217
189
190
202
111
114
218
168
164
328
159
126
77
78
137
546
274
327
92
105
131
150
170
109
551
218
143
106
109
165
525
215
136
170
149
329
109
139
214
163
169
108
85
109
93
79
200
101
171
197
272
219
195
188
185
68
149
138
124
280
201
194
44
42
216
138
151
155
54
94
73
72
330
194
206
192
109
147
108
108
110
117
327
328
117
172
209
217
153
162
217
149
329
326
326
192
100
135
185
273
217
193
187
218
116
111
138
204
291
220
110
111
432
179
216
218
155
216
330
216
110
100
185
108
546
221
437
292
145
114
146
432
213
215
327
215
430
326
107
327
110
110
216
547
536
219
544
217
328
214
107
106
107
109
214
220
216
213
110
106
106
75
317
329
105
99
211
124
105
103
