37
40
75
95
105
38
67
40
41
42
41
40
84
42
41
62
42
107
59
53
74
42
58
53
74
53
35
50
69
50
65
35
66
87
48
66
71
76
107
101
84
76
69
34
50
49
33
100
55
45
37
39
67
54
37
40
34
33
80
86
58
58
31
31
45
34
42
42
34
45
33
34
37
87
60
41
37
18
93
41
41
45
90
35
77
18
54
42
19
71
36
91
18
88
97
46
25
40
92
40
65
35
97
74
40
105
34
25
40
70
25
79
74
56
45
36
77
92
69
35
28
47
35
95
28
27
54
35
92
30
45
88
32
30
45
90
32
77
83
88
82
82
35
35
36
89
80
36
89
104
54
50
61
36
41
40
52
47
24
107
53
33
24
109
24
33
40
39
80
48
33
71
37
37
48
34
55
68
55
92
36
61
76
37
38
74
76
76
34
34
39
38
71
47
77
41
41
40
76
40
105
38
33
38
33
38
109
33
96
54
39
41
49
79
60
41
69
89
49
37
38
61
76
38
37
60
37
44
85
40
40
44
52
41
88
34
39
34
52
52
86
45
35
68
48
45
35
46
27
43
29
42
27
54
59
27
54
81
68
54
31
77
31
88
67
67
105
41
61
42
49
78
41
28
81
61
40
28
55
79
23
23
47
74
45
23
48
106
68
67
73
43
53
56
43
58
52
77
72
52
38
87
105
38
35
57
74
41
65
57
42
34
39
103
46
38
38
39
47
58
32
58
33
35
97
38
36
68
54
46
30
29
85
47
29
53
56
44
76
45
72
40
82
40
98
38
77
35
38
49
68
35
41
37
59
41
59
36
109
41
46
73
45
73
45
99
84
84
45
42
109
84
46
99
60
43
39
82
38
52
39
30
52
30
98
52
85
108
84
76
61
95
105
105
104
46
75
46
61
75
77
45
42
77
81
106
46
43
56
36
68
52
105
52
76
59
108
34
108
75
107
76
34
34
42
42
55
107
86
106
50
41
74
104
75
83
85
62
99
61
48
56
77
39
59
48
68
59
58
55
41
108
84
83
58
41
102
48
73
73
48
74
71
71
78
75
108
106
76
103
77
75
88
58
99
85
47
89
40
46
41
40
70
79
77
46
97
46
38
40
105
59
73
38
39
41
44
101
44
108
73
108
74
92
63
109
108
40
62
41
62
103
46
32
84
66
78
72
84
32
56
85
52
57
106
107
52
96
35
74
111
109
35
104
74
35
87
105
76
79
104
76
108
79
55
52
55
48
104
53
105
48
24
39
25
25
57
92
57
39
31
102
32
102
102
105
32
32
103
44
71
108
42
72
44
41
36
102
53
22
47
23
36
23
30
30
104
108
29
30
110
103
57
106
62
56
101
107
107
62
32
33
88
86
33
105
96
102
73
59
103
74
106
88
105
60
75
106
106
102
64
64
99
76
58
47
59
42
85
69
102
47
34
110
82
47
23
102
42
35
56
73
47
56
77
102
104
102
76
102
77
76
60
106
73
59
75
106
51
110
75
50
102
50
73
74
102
102
88
87
52
63
107
53
102
34
63
86
34
34
52
40
53
101
52
40
105
53
53
100
104
87
36
53
36
36
65
33
104
108
34
33
109
101
71
59
46
64
73
60
100
46
27
78
101
100
27
75
73
82
109
101
107
101
62
62
76
75
36
99
41
63
41
37
37
56
83
39
65
40
52
99
52
40
42
42
98
42
55
42
100
64
43
73
101
80
73
99
42
108
109
108
49
101
102
98
49
106
