113
85
92
91
85
97
93
85
91
95
92
97
85
97
93
96
97
97
97
85
95
95
91
92
94
82
91
92
95
91
92
90
92
86
104
115
98
114
107
98
103
113
107
98
103
113
107
115
99
87
105
115
98
86
105
115
98
86
108
98
103
99
104
108
95
95
91
93
91
92
75
93
97
113
75
93
93
96
96
85
76
94
93
93
93
93
74
95
92
98
96
93
75
97
93
86
96
93
96
98
97
96
74
97
89
97
91
91
96
86
94
92
91
93
92
93
93
95
93
97
70
95
114
92
108
96
99
93
104
86
95
86
78
90
116
89
99
113
85
95
70
114
77
91
95
116
94
108
99
71
105
95
93
91
78
94
115
98
93
105
104
71
98
114
98
113
93
108
95
99
93
109
104
93
104
114
72
89
109
95
115
97
98
105
104
92
99
112
96
114
95
78
94
115
71
108
97
98
93
105
116
95
89
99
93
115
77
91
105
96
99
92
89
69
116
69
105
70
99
93
109
94
104
94
91
113
72
108
104
99
115
105
98
114
72
107
104
99
115
106
98
113
72
109
105
98
115
104
99
98
115
104
98
108
105
72
24673
