60
66
71
71
53
66
60
74
60
68
60
71
60
66
62
74
61
69
65
72
57
64
61
60
71
63
68
65
65
66
77
66
59
64
60
59
61
64
55
61
67
67
73
67
62
72
63
67
62
73
55
62
55
68
59
63
60
62
57
71
59
63
61
60
56
64
68
70
55
62
59
52
56
63
68
69
57
64
60
56
54
62
69
70
57
64
60
56
52
55
63
65
57
56
70
62
54
55
64
63
67
53
64
61
53
54
62
65
68
55
61
60
56
62
65
59
54
61
58
51
53
61
62
66
56
62
58
54
49
50
47
65
52
49
57
66
69
50
46
68
52
48
55
65
70
50
46
65
51
48
53
49
66
70
49
48
55
48
68
52
42
48
56
66
69
49
48
68
43
48
55
65
69
49
46
61
51
66
66
48
47
68
51
47
51
46
54
65
69
49
46
48
70
58
50
68
78
67
56
63
68
54
51
64
74
69
59
62
69
58
50
63
75
71
46
66
62
68
58
54
52
65
52
58
67
55
58
67
55
53
71
68
57
63
52
74
44
69
65
69
58
54
60
64
56
51
64
76
67
76
65
55
60
56
63
50
