11
11
13
14
11
12
12
12
14
14
15
14
14
14
15
15
11
12
12
11
12
12
16
17
15
15
16
17
15
15
14
14
16
15
15
15
16
16
11
12
12
12
12
12
12
12
56
57
14
13
57
56
11
11
12
12
14
14
14
14
12
12
57
57
12
12
14
14
14
13
14
13
19
20
12
12
14
14
13
13
16
16
12
12
15
15
13
13
19
20
11
11
14
14
14
14
17
17
11
11
14
13
13
13
19
19
11
11
14
14
13
13
16
16
14
13
13
13
11
10
13
13
11
11
13
13
11
11
12
12
14
15
13
13
18
18
17
17
14
13
14
15
18
18
19
19
14
14
13
13
18
18
17
17
14
14
14
14
18
18
19
18
14
15
13
13
17
18
17
17
14
13
14
15
13
13
18
18
19
19
14
14
13
13
15
15
13
13
18
18
16
16
16
16
15
16
17
11
17
12
11
11
13
13
14
12
17
17
14
22
14
21
15
16
17
18
12
12
22
22
12
12
15
16
16
16
14
14
13
15
13
15
11
11
11
12
13
13
15
15
14
14
14
14
15
16
10
10
12
9
12
10
12
11
11
11
16
16
9
9
13
20
13
20
15
15
14
14
16
15
9
9
13
12
11
11
10
10
10
10
15
15
15
14
14
14
10
11
9
11
15
15
13
56
13
56
11
11
12
12
13
12
13
12
15
15
27
27
15
15
10
10
11
10
10
10
11
12
11
11
12
11
20
21
19
19
10
10
13
14
21
21
10
10
9
9
14
14
14
14
11
11
11
11
13
13
21
21
20
19
10
9
14
14
15
15
19
19
13
13
20
20
16
16
19
19
13
13
9
10
19
19
10
10
13
12
20
20
9
9
15
16
10
10
13
14
15
15
15
16
17
17
13
13
16
15
18
19
16
17
18
19
15
14
14
14
17
17
13
13
15
16
18
20
20
18
16
9
9
16
16
18
18
16
21
15
15
21
15
13
13
9
15
9
13
13
11
17
11
17
17
14
17
9
9
14
21
15
11
15
21
12
12
12
9
18
9
19
16
14
15
11
13
11
15
9
15
17
17
9
18
18
18
15
16
18
16
16
15
17
15
17
20
15
20
15
15
19
15
16
19
17
16
17
15
11
13
15
13
11
12
17
12
16
15
17
18
18
16
17
16
17
13
15
15
15
13
15
14
13
14
14
9
9
12
16
16
11
12
11
11
15
11
15
9
9
17
13
14
13
17
14
12
11
12
12
11
16
17
15
12
15
12
12
18
13
12
33
32
18
18
14
18
56
19
14
55
19
14
14
18
25
13
18
25
13
14
18
14
18
12
9
15
14
15
9
12
14
9
14
9
15
12
16
12
59
14
16
60
14
13
18
13
18
12
16
12
17
12
12
17
17
8
19
9
19
12
17
15
12
16
14
19
9
9
15
19
14
15
14
12
16
15
14
14
12
8
11
18
8
10
12
18
11
19
13
13
11
11
16
16
19
20
20
14
20
20
13
14
14
13
14
12
12
15
14
12
12
11
11
14
13
12
11
14
13
18
17
14
18
18
15
15
14
14
8
8
13
12
14
13
15
15
11
11
15
11
13
13
11
21
13
12
16
21
13
16
11
20
14
11
14
13
20
14
11
21
20
19
21
20
13
19
14
18
13
15
15
18
12
12
14
10
14
13
11
10
14
13
11
18
11
15
13
18
11
13
15
13
22
22
16
16
14
13
13
19
12
16
19
12
15
14
13
16
14
12
16
13
17
16
13
17
16
19
19
12
12
19
19
12
19
12
19
14
14
12
15
14
12
14
14
14
11
9
10
9
14
14
14
15
16
16
15
10
14
16
16
10
14
11
19
9
11
19
9
14
14
8
11
8
11
11
20
16
20
16
10
14
14
11
10
14
13
17
12
12
12
17
12
12
20
14
12
20
14
12
12
16
16
12
12
12
12
14
14
13
14
12
12
9
9
15
15
10
11
15
15
16
15
11
11
14
14
11
11
9
9
14
13
10
10
11
10
14
13
11
11
9
9
14
14
9
10
9
9
21
21
18
19
56
56
19
19
8
7
10
10
8
8
10
10
15
15
16
16
14
14
10
10
15
15
16
16
7
7
18
18
10
9
7
8
16
15
7
8
10
10
7
7
10
10
7
7
19
18
18
18
54
54
8
8
17
17
54
54
10
10
15
15
7
8
17
17
15
14
14
14
9
10
10
10
17
17
14
14
7
7
17
17
15
15
14
14
9
9
22
22
16
16
14
14
7
7
7
7
15
14
14
14
9
9
21
21
16
16
14
13
7
7
7
7
14
14
9
9
21
22
17
17
14
14
7
7
15113
