89
89
91
92
94
93
90
91
93
94
94
93
92
91
92
91
88
88
91
92
88
88
91
93
91
92
89
88
90
90
88
88
94
94
96
96
87
86
95
96
96
96
95
94
94
94
92
91
92
92
87
88
90
90
89
91
91
91
90
89
91
90
89
89
90
89
89
90
89
88
88
89
88
89
88
87
91
90
89
88
90
90
89
90
88
88
87
89
91
91
88
87
89
88
89
88
91
91
92
93
96
96
95
97
93
93
92
91
92
92
93
92
91
91
88
89
89
89
94
95
90
91
92
91
90
90
93
92
93
93
93
93
94
94
89
91
91
92
93
92
90
90
90
90
92
92
93
94
89
88
91
92
90
91
90
88
94
94
92
92
94
94
93
94
93
93
89
91
97
98
88
86
90
90
89
89
90
90
93
93
92
92
93
95
92
92
90
89
89
89
90
90
91
91
90
90
88
92
89
92
89
89
93
93
90
89
91
90
90
90
89
89
89
92
87
90
90
90
89
88
89
89
88
88
91
91
92
93
94
94
92
93
90
91
93
91
91
91
89
89
90
90
92
92
90
89
90
91
91
91
91
90
90
90
92
91
