123
124
123
124
150
149
150
150
131
131
136
137
163
163
166
166
136
136
138
139
132
132
132
131
163
165
131
131
131
131
160
160
129
132
129
133
124
124
133
133
129
129
129
129
128
129
159
160
166
166
130
130
151
151
165
165
120
121
131
132
167
167
166
166
129
129
134
135
128
128
148
148
150
149
155
155
123
123
130
131
124
124
125
126
141
141
129
129
147
146
125
125
125
126
132
133
123
156
122
155
124
158
124
157
146
145
150
151
123
123
149
149
126
126
145
146
147
147
130
130
149
148
144
145
149
149
154
154
17894
