57
57
58
58
61
61
57
57
58
58
59
59
59
59
58
58
49
49
54
54
58
58
61
61
57
57
40
40
55
55
64
64
53
53
45
45
44
44
56
56
49
49
38
38
56
56
47
47
47
47
59
59
56
56
54
54
52
51
53
53
59
59
51
51
51
51
49
49
54
54
55
55
61
61
50
50
59
59
56
56
51
51
57
57
57
57
58
58
53
53
58
58
55
55
53
53
53
53
58
58
50
50
55
55
62
62
62
62
63
63
58
59
46
46
55
55
58
58
57
57
45
45
60
60
56
56
48
48
60
60
58
58
58
58
58
58
56
56
54
54
49
49
54
54
56
56
55
55
58
58
59
59
60
60
55
55
60
60
52
52
45
45
48
47
62
62
60
61
57
57
59
59
62
62
48
48
57
57
55
55
61
61
51
51
58
58
60
60
59
60
54
54
38
38
58
59
56
56
52
51
55
55
51
51
61
61
44
44
69
69
55
55
57
57
46
46
49
49
49
49
56
56
47
47
49
49
62
62
58
58
59
59
50
50
55
55
54
54
63
63
56
56
60
60
55
55
53
53
52
51
54
54
51
51
54
54
