56
56
59
59
62
62
55
55
62
62
62
62
55
55
55
55
51
51
59
59
57
57
54
54
61
61
64
64
65
66
62
62
60
60
60
60
53
53
55
55
53
53
50
50
53
53
62
62
52
52
38
38
58
58
53
53
48
48
47
47
56
56
51
51
54
54
61
62
58
59
57
57
48
48
53
53
58
58
48
48
50
50
57
57
56
56
57
57
56
56
56
56
54
54
53
53
58
58
59
60
58
58
54
54
59
59
45
45
59
59
48
47
56
56
58
58
53
53
48
48
48
48
57
57
53
53
55
55
52
52
57
57
60
60
48
48
55
55
41
41
47
47
54
54
65
65
56
56
55
55
62
62
44
44
58
58
56
56
57
57
54
54
52
52
61
61
64
64
61
61
53
53
49
49
57
57
51
51
39
39
57
57
47
47
45
45
58
59
53
53
54
54
54
54
59
59
55
55
55
55
49
49
59
60
56
56
57
57
48
48
51
51
56
56
58
58
58
58
51
51
58
58
53
53
57
57
62
62
44
44
58
58
60
60
48
48
56
56
60
60
46
46
58
58
55
55
58
58
62
62
55
55
54
53
54
54
