56
56
48
48
60
60
54
54
59
60
58
58
37
37
59
59
57
57
54
54
59
59
57
57
55
55
60
60
52
52
58
58
59
59
57
57
44
44
53
53
58
58
57
57
61
61
38
38
64
64
53
53
59
59
53
53
44
44
60
60
63
63
54
54
58
58
55
55
52
52
56
56
57
57
56
56
53
53
41
41
47
47
58
58
51
51
48
48
59
59
57
57
59
59
57
57
57
57
55
55
51
51
58
58
57
57
56
56
62
62
60
60
51
51
51
51
55
55
49
48
55
55
52
52
57
57
44
44
55
55
56
56
55
55
54
54
47
47
61
61
56
56
57
57
60
60
47
47
52
52
56
56
48
48
47
47
59
59
66
66
57
57
52
52
56
56
57
57
54
54
64
64
48
48
56
56
53
53
56
56
45
45
64
64
58
58
59
59
49
49
57
57
57
57
48
48
59
59
46
46
53
53
52
52
56
56
54
54
55
55
61
61
57
57
56
56
48
48
47
47
53
53
46
46
59
59
58
58
60
60
50
50
58
58
59
59
59
59
60
60
59
59
58
58
60
60
56
56
57
57
54
54
57
57
52
52
14038
