57
57
58
59
39
39
53
53
47
47
55
55
60
60
53
53
59
59
55
55
52
52
55
55
48
48
47
47
48
48
44
44
58
58
59
59
59
59
57
57
54
54
45
45
47
47
54
54
54
54
47
47
49
48
51
51
57
57
61
61
58
58
56
56
58
59
57
57
47
47
60
60
54
54
56
56
48
48
62
62
60
61
55
55
50
50
40
40
56
56
52
52
53
53
48
48
50
50
53
53
59
59
59
60
52
52
54
54
56
56
46
46
57
57
52
52
50
50
57
57
61
61
56
56
50
50
56
56
56
56
52
52
55
55
52
52
47
47
66
66
56
56
59
59
58
58
60
60
60
60
58
58
61
61
56
56
60
60
57
57
54
54
53
53
57
57
57
57
57
57
60
60
54
54
58
58
57
57
37
37
47
47
57
57
60
60
59
59
59
59
62
62
55
55
45
45
55
55
49
48
54
54
47
47
57
57
61
61
62
62
58
58
55
55
61
62
51
51
57
57
57
57
54
54
59
59
54
55
63
63
58
58
60
60
59
59
57
57
66
66
51
51
54
54
58
58
55
55
60
60
55
55
54
54
54
54
14036
