56
56
53
53
60
60
55
55
54
54
53
53
57
57
61
61
54
54
68
68
58
57
47
47
52
52
55
55
46
46
54
54
58
58
48
47
58
59
57
57
61
61
53
53
50
50
50
50
47
47
51
51
45
45
54
54
53
53
55
55
49
49
60
60
58
59
45
45
53
53
53
53
44
44
57
57
58
58
59
59
57
57
53
53
49
48
55
55
53
53
61
61
55
55
59
59
64
64
59
59
51
51
56
56
55
55
49
49
58
58
54
54
56
56
48
47
64
64
59
59
57
57
57
57
58
58
38
38
59
59
56
56
63
63
52
52
40
40
52
51
59
59
61
61
55
55
60
60
59
59
47
47
54
54
49
49
56
56
61
61
57
57
56
56
57
57
58
58
60
60
57
57
54
54
54
54
53
53
47
47
54
54
53
53
56
56
60
60
59
59
57
57
59
59
65
65
55
55
48
48
56
56
61
61
49
49
60
61
56
56
51
51
55
55
52
52
55
55
60
60
61
61
64
64
54
54
59
59
60
60
56
56
45
45
41
40
57
57
57
57
48
48
52
52
47
47
46
46
56
56
59
59
58
58
54
54
14027
