57
57
58
58
45
45
54
54
53
53
53
53
54
54
57
57
56
56
53
53
48
48
57
57
54
54
52
52
48
47
52
52
56
56
59
60
57
57
53
53
61
61
53
53
50
50
53
53
57
57
49
49
60
60
62
62
58
58
60
60
63
63
59
59
47
47
58
59
51
51
59
60
55
55
59
59
37
37
52
52
61
61
50
50
50
50
59
59
48
47
46
46
58
58
45
45
58
58
56
56
57
57
51
50
50
50
47
47
52
52
60
61
60
60
59
59
55
55
44
44
54
54
61
61
48
47
48
47
50
50
55
55
55
55
56
56
63
63
56
56
57
57
55
55
62
62
59
60
55
55
60
60
60
60
58
58
55
55
60
60
54
55
60
60
41
41
51
51
58
58
59
59
64
64
44
44
59
59
61
61
48
47
57
57
51
51
59
59
59
60
59
59
53
53
58
58
55
55
62
63
55
55
60
60
48
47
52
52
53
52
56
56
56
56
55
55
54
54
59
59
57
57
62
62
57
57
57
57
60
60
54
54
56
56
58
58
51
51
55
55
56
56
47
47
41
41
54
54
58
58
52
51
57
57
54
54
14035
