57
57
52
52
46
46
52
52
57
57
53
53
47
47
47
47
57
57
56
56
58
58
59
59
58
58
60
60
52
52
52
52
56
56
58
58
48
48
56
56
54
54
58
58
55
55
58
58
59
60
54
54
48
47
48
48
58
58
52
52
47
47
55
55
52
52
52
52
57
57
57
57
61
61
58
58
57
57
58
59
52
52
57
57
64
64
51
51
60
60
54
54
47
47
61
61
57
57
58
58
58
58
54
54
46
46
57
56
50
50
57
57
48
48
56
56
49
49
57
57
56
56
47
47
55
55
37
37
49
48
55
55
39
39
52
51
40
40
51
50
55
55
58
58
56
56
57
57
55
55
48
48
62
62
57
57
54
54
62
62
60
60
55
55
50
50
51
51
64
64
60
61
47
47
59
59
61
61
58
58
62
62
47
47
60
60
58
59
58
58
60
61
54
54
57
57
60
60
60
60
54
54
51
51
53
53
52
52
62
62
54
54
58
58
56
56
44
44
57
57
59
59
57
57
58
58
57
57
62
62
45
45
48
48
55
55
60
60
61
61
52
52
49
48
66
66
60
60
56
56
60
60
54
54
54
54
14023
