406
398
176
421
390
316
358
254
300
543
84
342
385
329
316
422
299
186
329
205
112
438
285
438
418
432
100
315
535
437
154
218
105
295
106
328
650
246
274
169
213
330
406
393
250
207
328
296
328
399
329
427
152
425
327
328
75
321
98
328
295
217
328
197
268
429
295
204
327
433
220
153
328
430
315
439
546
436
761
421
435
187
328
179
170
95
78
401
181
171
105
382
327
374
201
411
218
325
326
325
434
434
761
545
319
294
327
217
649
214
216
324
216
325
196
538
108
431
321
214
106
106
636
106
212
315
414
103
39816
