74
80
205
219
178
171
151
211
61
60
75
72
102
110
109
220
159
160
67
60
105
103
174
136
436
127
72
53
208
161
157
116
312
109
94
90
96
98
97
102
77
69
93
70
145
88
144
175
66
51
109
166
109
184
165
166
152
160
213
109
70
76
156
197
86
86
98
90
77
101
153
102
312
155
157
175
148
183
76
73
171
168
137
93
69
65
107
172
62
96
100
102
86
71
109
95
103
104
74
75
219
110
160
220
180
173
159
219
148
129
54
144
163
217
105
171
149
167
217
174
108
109
87
197
166
109
114
114
47
48
137
111
191
216
72
68
83
108
197
110
171
216
155
107
109
217
180
217
216
109
107
145
100
109
313
322
221
108
106
108
322
222
219
220
115
112
103
212
218
165
94
165
109
180
136
107
202
107
216
149
107
158
216
219
107
108
112
112
108
113
176
107
214
225
214
437
109
106
109
107
109
106
106
96
182
105
212
106
312
212
163
105
316
320
106
108
219
212
84
105
106
106
105
266
105
110
105
78
107
104
104
77
104
97
217
210
108
104
104
108
215
103
104
157
103
164
147
103
150
102
103
107
84
102
102
148
35777
