38
87
39
80
98
46
70
47
51
57
50
57
101
89
90
109
109
103
49
49
103
102
103
105
66
94
56
57
49
43
110
49
47
97
100
47
87
69
78
70
89
93
50
47
63
41
85
71
42
77
69
54
44
42
40
37
75
61
61
53
90
49
109
50
108
68
48
49
89
109
45
46
49
47
34
63
77
33
90
32
39
39
73
98
72
90
50
82
77
53
90
54
42
43
108
62
41
39
101
40
71
82
83
110
105
83
74
80
51
53
103
103
61
86
108
54
93
73
94
82
50
69
42
49
77
65
87
41
47
61
46
42
64
70
94
55
83
94
85
100
50
69
47
51
71
92
79
60
96
68
77
74
89
84
91
62
86
84
86
108
98
82
65
67
105
51
109
94
75
73
79
85
51
98
51
51
52
98
93
52
93
66
104
62
109
67
101
67
79
100
62
79
45
84
70
44
73
58
51
74
61
103
63
99
53
107
79
44
59
109
60
109
42
42
105
87
46
107
82
80
71
72
48
71
82
99
78
78
49
49
85
108
93
94
95
109
106
87
48
47
104
62
109
67
106
106
111
107
109
50
108
49
86
97
85
97
66
63
109
63
107
110
108
111
53
53
106
89
109
42
108
76
60
108
105
60
108
107
50
50
66
66
91
108
106
86
109
110
57
106
57
108
106
106
109
86
107
58
57
108
74
106
64
64
108
105
62
63
49
105
71
99
54
54
107
93
86
105
87
83
108
106
109
108
108
83
102
97
68
68
110
108
84
108
103
105
90
105
110
109
106
100
81
109
108
104
78
78
92
97
103
105
105
104
104
74
56
107
56
99
107
53
104
53
106
109
108
94
68
85
79
105
107
63
78
106
106
103
72
108
109
104
101
85
86
105
86
107
66
65
95
103
106
103
109
105
110
105
109
106
108
107
109
106
104
106
102
107
104
67
105
68
106
104
96
108
103
100
76
77
110
103
90
109
102
106
107
107
64
97
104
64
110
109
108
104
104
105
111
105
81
104
83
99
107
103
94
94
108
105
103
95
104
102
84
84
102
100
102
106
80
101
80
103
103
57
111
57
109
103
88
103
100
110
108
102
109
97
104
100
68
67
104
101
109
100
110
111
101
56
101
56
71
77
103
99
99
109
109
104
91
86
98
77
97
93
109
107
52
108
193
52
