169
168
161
162
161
161
160
160
162
163
159
157
158
158
156
155
156
155
156
158
157
157
159
160
158
158
155
155
157
157
161
161
160
161
165
158
166
159
156
158
160
159
158
157
159
158
155
155
149
148
147
148
146
146
147
147
148
149
148
147
147
146
144
144
153
152
158
159
157
157
162
162
153
153
156
155
156
155
144
143
151
150
150
151
162
161
156
156
156
157
151
149
153
152
151
151
149
148
156
157
159
159
157
157
149
148
160
161
151
150
149
151
153
153
166
166
154
158
158
154
156
157
151
150
153
152
155
154
