107
107
104
104
104
104
106
107
106
107
106
104
103
103
105
105
108
109
109
108
106
105
105
106
105
105
106
105
101
106
101
105
105
105
105
106
105
107
105
106
106
105
105
103
101
108
110
111
105
105
104
104
105
105
101
107
102
107
110
110
104
103
109
101
107
102
103
103
101
102
104
103
105
104
105
105
103
103
102
101
103
108
102
98
108
99
105
106
107
106
108
107
105
104
105
106
107
107
112
113
102
102
106
107
103
104
107
106
101
101
105
104
104
104
101
100
101
101
104
104
105
104
104
104
102
101
99
101
