73
73
68
68
68
68
69
69
72
72
67
67
68
68
69
68
66
66
67
67
68
69
69
69
67
67
67
68
68
67
68
67
68
68
67
67
68
68
69
70
67
68
67
67
69
68
69
69
69
69
67
67
67
69
69
70
67
66
68
68
69
70
68
68
68
68
69
70
68
69
70
67
67
72
66
72
66
69
69
73
69
69
68
68
70
68
67
70
67
70
70
70
68
71
72
67
71
70
67
71
68
67
68
66
69
68
73
67
66
72
70
69
69
67
67
69
69
70
67
69
70
71
68
72
68
70
71
71
68
69
70
68
69
69
69
68
66
68
69
67
70
71
67
71
71
71
66
70
68
69
68
68
68
69
68
69
69
68
70
68
68
67
70
70
67
68
68
69
67
68
68
67
67
67
68
69
67
67
66
66
66
66
68
68
68
67
67
67
67
67
67
67
71
71
70
70
70
70
69
70
69
69
68
67
71
70
70
70
69
70
70
68
70
70
70
72
68
67
70
70
70
69
69
70
69
68
71
71
70
70
68
69
68
68
69
68
68
67
68
69
69
68
69
69
68
68
68
69
67
67
68
69
67
68
69
69
