24
24
25
26
25
26
31
31
29
29
26
25
27
27
28
28
28
28
25
25
26
26
31
31
29
29
27
27
28
28
28
28
29
28
26
26
26
27
31
32
30
31
27
27
27
27
25
25
28
28
28
28
25
25
27
27
27
27
26
27
30
31
28
28
30
30
24
25
26
25
24
24
26
27
24
24
25
25
29
29
27
27
24
24
26
25
24
24
26
26
24
24
25
25
29
29
27
27
24
24
26
25
24
24
23
23
29
29
27
27
25
24
26
26
24
24
26
26
25
24
25
26
26
27
20
29
20
29
24
26
24
26
22
28
22
28
25
25
27
26
32
32
28
29
31
31
29
28
26
26
29
30
25
25
27
27
32
32
28
28
32
32
29
29
25
26
30
31
25
25
27
27
32
31
25
25
28
28
31
31
29
28
26
26
28
27
25
25
29
29
27
27
25
26
26
27
26
26
23
22
25
26
25
25
24
24
27
27
27
27
26
26
26
26
23
23
25
25
25
25
24
23
28
28
27
27
26
26
23
22
25
25
24
24
26
26
28
27
27
27
26
27
27
27
22
22
25
25
25
26
27
27
28
28
27
27
24
25
23
24
46
47
30
30
23
23
30
29
29
29
29
29
29
30
30
29
28
29
28
29
23
23
29
30
24
24
28
28
29
28
31
31
45
45
28
29
23
23
28
28
27
27
27
27
28
27
28
29
29
28
38
39
29
29
29
30
23
24
29
29
27
27
30
30
22
23
28
29
32
32
26
26
33
25
33
27
24
26
28
29
29
24
29
24
25
22
25
22
25
26
26
26
27
28
27
27
32
27
31
27
30
24
30
24
25
22
25
23
22
29
22
29
27
28
25
25
31
26
31
26
25
26
25
26
23
23
26
26
26
31
26
31
26
26
26
27
24
22
24
23
27
27
27
28
24
30
24
30
27
26
31
23
31
22
40
41
23
24
25
25
23
23
22
23
23
24
27
27
26
26
27
26
27
27
27
27
26
26
27
27
26
32
27
25
32
24
27
27
29
29
20
21
30
29
27
26
21
22
25
25
29
29
27
27
23
23
25
25
29
29
26
26
27
27
23
23
20
20
25
25
25
25
28
27
30
29
25
25
27
27
22
22
21
20
25
25
23
23
25
25
27
27
23
23
20
21
26
25
23
23
21
20
