79
81
80
81
81
81
82
82
80
82
79
82
78
78
78
81
82
79
83
82
79
83
78
83
81
79
81
78
81
81
78
80
60
81
62
81
58
61
80
62
61
61
60
61
82
62
58
62
83
79
81
82
82
81
83
82
80
81
81
79
61
82
61
83
78
80
78
83
61
83
78
79
78
81
77
81
82
83
61
82
82
81
80
81
82
83
82
81
61
82
80
62
81
60
83
58
82
61
80
81
82
60
61
80
82
62
62
58
62
61
79
61
81
62
61
82
60
78
82
81
60
79
80
84
61
61
80
81
83
61
81
82
82
62
81
81
81
62
62
80
75
79
78
82
81
80
82
79
82
81
62
78
62
61
59
80
78
82
58
58
79
82
82
80
80
61
80
83
78
79
83
58
80
81
82
60
82
81
83
78
83
80
61
80
61
79
82
62
61
81
81
80
78
78
78
61
61
82
61
81
58
80
63
82
61
82
81
61
60
77
82
80
57
80
81
82
61
61
80
81
58
83
79
80
61
77
83
80
80
60
81
83
82
80
82
77
60
79
81
81
78
82
77
81
82
82
77
80
82
80
78
82
81
79
80
62
61
80
82
62
77
81
60
79
78
82
78
80
81
83
81
79
62
78
83
79
82
82
61
79
78
80
81
80
83
82
61
79
82
78
61
78
78
83
81
84
79
79
79
83
61
80
83
61
79
79
60
79
78
82
79
61
80
60
79
76
81
79
77
61
61
84
80
81
80
81
80
80
80
79
84
78
82
82
81
83
81
79
79
61
79
83
82
82
80
83
60
58
80
83
83
62
80
81
79
79
80
81
61
84
81
81
61
78
79
81
82
81
82
84
81
60
81
82
81
79
77
78
84
61
81
82
82
57
80
79
81
80
62
80
81
80
81
81
62
81
79
81
58
77
79
81
82
75
78
82
80
82
77
81
82
62
81
81
83
78
82
83
81
82
79
61
79
60
81
81
81
80
80
80
61
81
80
82
80
61
80
79
82
82
81
81
61
81
78
62
61
79
80
82
81
82
61
82
82
79
83
82
81
81
60
60
79
60
82
78
61
62
61
61
62
60
60
61
82
61
58
62
82
62
61
84
61
82
62
81
61
82
81
60
62
83
79
61
80
61
80
61
79
62
75
79
78
82
83
78
83
82
78
80
80
81
87
85
88
82
84
87
90
87
85
86
90
88
86
87
91
85
86
87
86
94
85
92
86
87
82
82
98
88
84
86
90
86
87
82
87
85
84
87
91
82
86
86
91
84
86
84
85
93
86
94
86
85
85
86
87
86
86
85
92
87
87
86
92
86
86
88
96
87
86
86
90
86
83
83
92
82
88
85
92
86
84
86
88
85
86
86
95
85
