55
56
57
56
56
56
57
57
58
58
57
57
57
57
57
57
56
54
49
53
57
55
53
57
55
53
56
56
53
58
56
55
53
57
58
56
56
52
58
54
57
57
35
53
56
53
58
55
57
35
56
56
57
35
57
57
52
55
35
56
56
56
35
56
56
57
34
57
57
55
56
57
55
35
57
57
56
57
57
56
56
32
57
57
55
56
55
35
56
57
57
54
56
57
57
57
36
57
35
57
56
54
55
57
54
56
57
57
34
57
57
57
33
57
56
52
54
57
56
57
57
55
54
56
57
56
55
56
57
56
36
57
57
56
37
57
57
57
56
36
55
57
56
54
55
57
55
53
55
56
57
56
53
56
56
57
58
56
57
33
54
35
55
56
34
34
53
58
36
55
33
55
58
33
35
56
57
54
56
35
33
32
56
57
55
56
56
57
55
56
53
58
54
52
57
34
53
55
54
57
54
54
33
34
57
56
56
56
57
35
35
55
57
56
33
35
56
53
56
57
34
35
33
34
57
54
57
54
54
55
55
37
54
55
52
57
57
55
58
35
54
36
54
56
54
57
55
34
35
57
36
57
36
54
57
55
34
32
36
56
57
34
55
54
57
57
55
58
34
55
54
57
53
57
58
54
54
56
33
53
55
57
54
57
54
34
55
54
50
56
35
55
57
55
55
56
56
54
57
56
56
56
56
57
34
53
57
58
36
35
32
56
56
36
36
36
54
52
50
34
33
56
58
36
35
55
57
57
55
54
54
56
56
56
53
54
58
36
35
55
57
57
55
56
55
55
35
57
54
57
55
57
56
56
55
36
54
54
56
36
35
34
34
55
55
34
35
56
55
56
57
57
36
54
57
35
35
56
57
56
57
56
55
56
55
56
55
57
57
54
54
57
56
54
34
35
36
53
52
57
54
55
54
52
57
57
57
57
56
54
56
56
53
57
57
56
57
57
58
53
32
54
34
57
36
34
36
54
54
35
57
57
56
36
35
36
57
52
57
53
54
54
57
53
58
57
57
57
53
53
58
52
57
57
54
56
35
35
57
57
57
58
57
54
55
57
57
57
55
35
55
57
56
57
52
58
33
55
57
58
57
33
53
56
57
55
57
58
57
58
57
53
52
52
57
36
56
55
34
57
57
57
55
56
34
55
57
55
57
55
54
53
55
54
55
54
33
57
58
35
58
34
54
57
55
53
55
53
36
55
57
34
57
58
33
36
35
57
55
35
55
57
57
56
51
54
56
57
55
57
56
51
52
55
54
56
55
57
58
36
57
57
57
54
58
57
55
56
55
58
55
54
54
53
55
55
57
56
57
34
54
56
35
57
57
34
36
58
56
53
54
58
55
56
58
55
54
36
55
57
55
37
55
54
55
31
57
57
58
33
35
55
54
53
57
54
56
55
56
57
54
36
56
54
33
55
58
55
57
53
55
56
55
56
55
57
35
55
54
55
55
36
57
53
57
33
57
55
57
56
57
55
57
55
56
54
56
55
56
55
52
54
32
53
36
34
57
55
57
56
57
56
58
58
56
57
57
36
54
57
57
53
57
55
54
55
55
35
53
35
35
57
54
57
35
56
57
55
57
57
55
51
58
58
53
57
56
53
58
36
35
55
55
54
58
34
55
36
54
57
35
56
53
58
52
57
57
52
58
54
57
56
58
35
34
33
57
55
56
52
55
57
57
52
55
55
54
54
34
56
57
55
56
35
35
56
33
58
57
55
36
52
55
54
54
54
52
56
54
57
53
56
55
57
35
57
57
36
54
55
56
55
57
32
57
57
57
58
56
57
51
57
57
57
57
56
53
52
54
55
56
57
55
35
55
57
54
57
55
55
57
52
57
57
35
55
54
51
57
55
55
54
55
55
58
33
50
55
56
56
55
57
33
57
54
56
55
52
55
55
56
57
35
54
58
57
57
55
57
36
34
55
54
58
54
54
36
53
57
57
56
51
55
55
56
34
55
55
55
57
35
57
56
54
51
57
55
52
57
55
58
35
57
51
35
54
35
53
54
36
57
57
35
53
56
57
36
54
55
52
53
57
36
57
54
57
57
53
56
57
35
56
56
36
57
53
54
53
34
53
35
57
35
58
54
54
35
56
32
54
58
54
35
55
36
54
57
35
57
56
57
55
36
58
53
57
54
53
57
54
54
36
55
32
54
57
55
35
54
35
54
57
54
54
52
57
35
57
54
36
54
58
35
55
53
56
35
55
56
36
56
57
34
53
58
36
56
57
36
57
58
36
32
57
57
53
55
35
56
57
33
57
57
54
56
35
34
35
56
57
56
56
56
58
57
54
56
57
57
56
57
57
58
57
65
65
62
65
67
65
65
62
66
65
66
65
71
65
65
65
64
65
66
64
70
63
62
66
66
66
66
66
68
66
63
67
66
66
66
65
70
64
66
64
65
63
66
60
71
66
66
65
66
65
65
62
71
66
65
66
66
62
67
65
72
66
65
65
66
65
65
66
75
66
66
63
63
65
66
66
65
65
66
62
66
65
73
65
68
64
65
73
63
65
64
65
65
66
66
66
65
66
65
66
76
65
65
65
67
65
62
65
72
65
64
65
65
65
65
65
71
65
65
64
66
66
63
65
66
65
65
70
65
66
72
65
65
66
66
65
66
65
64
65
72
66
65
65
62
65
65
62
73
62
65
62
65
65
66
64
69
66
66
66
65
65
65
65
73
65
66
66
64
64
65
66
76
66
65
66
