108
103
100
104
102
110
102
107
106
107
100
109
105
85
107
80
86
81
107
101
110
83
85
109
84
86
86
84
105
109
108
107
83
103
109
85
81
103
86
111
101
103
105
103
105
85
104
108
103
85
106
107
103
102
100
108
80
102
82
85
103
107
108
105
103
83
79
85
101
103
104
102
109
107
107
85
108
109
84
82
110
104
100
109
85
110
108
107
107
101
107
109
108
109
105
104
109
101
101
101
104
86
101
107
84
85
105
84
103
105
109
110
103
102
109
110
104
104
110
110
104
104
104
106
105
86
104
107
104
85
101
105
102
81
108
85
107
109
106
100
83
108
85
104
103
84
106
84
105
109
106
100
104
86
86
100
101
85
87
102
105
111
107
103
84
109
103
104
84
108
107
84
85
107
109
84
84
84
107
107
85
86
110
80
103
108
108
102
104
109
103
102
87
111
85
109
101
103
110
105
85
110
83
82
111
86
85
85
109
107
85
104
106
85
104
105
102
110
104
103
86
100
82
107
102
109
102
107
103
109
110
109
109
103
109
104
108
109
109
109
108
106
109
109
108
109
108
104
106
108
108
104
108
103
108
106
111
105
109
109
110
109
107
112
106
108
111
111
111
112
110
110
107
112
107
112
111
110
107
112
110
114
105
106
110
112
111
113
110
111
110
109
105
109
109
109
109
109
109
108
