129
109
133
135
129
121
129
107
121
136
133
133
133
100
98
122
135
136
106
106
137
131
132
130
134
132
130
130
131
130
131
128
106
131
130
126
133
99
97
107
137
107
135
131
127
132
131
123
130
103
128
127
127
107
135
131
109
124
107
136
134
132
108
130
121
106
132
131
104
106
98
129
109
122
130
128
135
121
132
126
131
106
131
130
137
122
129
129
133
131
131
137
131
135
135
108
131
129
132
129
110
104
102
131
134
129
132
132
135
110
131
128
128
135
123
123
128
121
130
128
106
99
126
129
102
129
109
109
136
136
129
134
129
132
130
138
136
130
124
124
137
133
125
130
135
134
131
131
137
133
18761
