76
75
75
75
75
75
75
74
76
76
76
76
73
76
74
75
74
76
72
73
75
75
76
72
74
72
75
73
73
72
74
73
76
75
71
74
73
75
75
77
75
75
76
75
74
75
75
75
74
76
76
76
76
76
74
72
76
73
76
76
76
74
76
71
76
77
77
75
76
76
74
77
76
74
75
75
75
76
75
75
73
76
74
74
76
76
73
76
74
74
75
76
76
73
76
74
76
76
77
75
72
73
75
76
74
76
76
77
76
76
76
73
76
76
74
76
75
76
73
74
75
76
74
74
72
74
72
75
92
91
93
92
93
92
76
94
93
92
92
92
93
90
93
91
78
93
93
73
76
91
91
91
76
93
92
93
93
76
75
77
77
92
91
92
93
73
73
73
92
90
93
92
93
92
93
92
93
93
91
90
93
92
93
92
94
92
91
92
93
91
93
76
92
92
91
91
93
93
92
91
92
91
93
92
76
92
92
75
93
92
92
77
92
92
76
78
94
93
92
93
92
92
92
73
93
92
92
92
91
77
93
92
75
93
75
92
91
75
91
94
94
92
93
93
76
92
91
92
76
90
92
95
92
92
91
90
95
76
91
93
93
92
92
92
93
93
94
92
92
93
76
92
73
93
90
90
92
91
93
91
91
91
76
90
77
93
91
91
91
93
76
92
92
91
93
77
91
91
92
92
93
93
93
94
77
93
94
92
91
77
93
91
94
75
92
91
92
92
92
90
92
94
77
77
93
95
92
76
76
92
94
92
76
93
91
77
92
76
92
93
94
94
93
94
93
91
93
92
92
90
92
94
92
92
92
94
91
94
96
76
91
76
93
90
75
91
75
73
92
77
90
93
92
92
91
93
91
92
92
92
92
92
93
93
95
94
93
90
92
92
90
91
91
92
93
92
93
92
93
92
90
93
91
89
92
93
92
94
91
92
92
92
93
92
91
92
92
91
93
92
92
93
92
92
73
91
91
76
91
93
94
91
93
92
92
89
93
75
93
93
76
75
91
75
75
90
77
92
92
92
93
93
92
91
93
92
94
93
93
92
93
92
91
91
93
93
91
92
95
93
92
93
92
93
93
93
94
92
92
92
90
92
92
92
95
93
93
91
75
92
92
93
94
77
77
78
92
93
93
90
95
91
93
92
75
94
91
91
93
76
76
75
