105
103
104
104
101
106
103
102
104
104
102
105
100
103
103
103
105
103
100
103
104
100
100
104
101
100
104
103
105
103
102
102
101
103
103
104
103
104
105
103
104
102
102
104
103
105
104
105
104
104
103
103
104
105
104
99
103
104
105
102
100
105
101
101
102
101
103
103
103
101
102
103
104
104
104
102
103
99
104
100
102
104
101
103
105
105
104
103
103
104
106
105
105
103
104
105
101
104
105
102
100
103
101
107
104
102
102
103
99
104
100
103
102
103
100
102
105
103
102
100
100
102
105
102
102
103
104
104
109
111
109
109
111
112
113
112
108
110
109
111
110
110
108
108
110
107
109
106
112
111
109
110
111
112
109
110
105
111
109
109
111
112
112
106
110
107
111
110
113
109
109
112
109
111
109
111
111
112
111
112
105
106
107
110
106
107
112
109
109
112
110
108
109
111
110
108
109
110
113
112
109
112
113
109
109
111
109
109
111
109
110
111
109
107
109
106
108
109
110
108
112
109
112
109
109
109
113
109
112
107
110
109
112
108
108
109
109
109
108
109
108
110
112
106
109
108
107
110
108
108
110
108
109
112
108
109
