128
127
129
129
126
126
124
128
127
127
128
124
129
124
128
128
127
129
126
125
129
123
127
128
124
123
126
124
126
128
128
129
126
127
128
126
126
126
126
127
127
130
126
130
127
129
127
127
127
128
127
127
129
125
125
127
128
127
129
130
126
126
123
125
136
138
137
133
137
138
125
136
136
136
136
137
137
126
137
125
132
137
137
137
137
132
136
136
125
124
133
132
132
137
124
135
136
132
125
124
130
132
124
129
130
136
130
131
136
125
131
133
132
125
124
138
125
125
131
136
132
133
125
131
125
134
130
131
16555
