37
34
35
34
35
37
33
36
35
37
33
37
35
38
34
34
35
35
38
34
35
35
35
34
35
35
36
33
36
35
35
35
34
35
35
34
37
37
33
36
35
35
35
35
36
35
35
33
35
37
21
38
36
35
21
40
35
17
22
16
21
36
36
22
17
39
17
22
36
35
21
39
17
36
38
21
39
16
36
36
37
17
37
21
32
36
37
37
35
36
16
35
21
38
35
22
39
17
35
33
32
37
33
21
36
38
17
35
35
40
16
35
36
21
32
21
37
34
35
16
36
36
36
40
34
32
38
36
17
21
37
39
40
16
33
21
37
35
39
37
38
32
39
39
16
35
41
35
34
17
37
36
39
35
38
35
33
38
32
40
35
36
39
38
40
40
33
37
41
40
42
39
36
40
34
42
36
38
32
40
32
35
36
38
36
42
34
35
36
35
38
38
35
38
40
42
40
38
37
35
32
42
34
38
36
39
36
34
27
36
39
37
36
27
37
36
32
42
37
36
42
27
34
37
39
37
34
33
36
39
38
35
36
32
17
27
33
39
37
37
34
38
35
17
27
38
35
36
17
27
35
37
38
37
32
37
36
37
36
37
35
37
17
27
37
36
37
35
34
37
32
32
38
27
38
37
34
27
33
36
36
36
39
37
35
36
40
35
32
34
37
36
36
27
36
35
32
36
39
35
27
36
39
34
37
36
40
34
38
34
37
36
35
36
37
33
32
36
39
35
38
34
35
36
37
26
37
35
38
35
36
33
34
37
35
35
33
34
36
37
34
35
36
35
36
34
35
35
35
36
35
37
35
35
37
36
35
37
34
34
35
37
37
39
36
41
32
35
37
36
34
35
34
36
37
27
35
37
34
36
36
35
37
36
34
34
34
37
39
35
37
31
34
39
38
37
40
34
35
34
37
37
38
35
31
36
37
36
36
37
39
37
35
37
39
37
36
37
35
36
38
36
36
35
35
37
35
35
36
37
36
35
37
35
35
35
34
34
38
34
38
35
34
38
37
35
37
36
34
35
35
34
37
35
34
37
36
34
37
36
38
35
34
36
35
36
35
36
35
34
35
36
38
34
36
36
36
36
34
35
37
36
36
34
37
37
38
38
38
37
38
39
38
38
39
34
37
36
35
34
37
36
36
35
37
35
38
38
38
37
38
38
17719
