89
72
76
70
74
77
75
78
76
73
77
71
76
78
74
76
78
76
72
74
75
68
74
76
47
75
90
79
57
68
77
73
65
90
78
69
74
69
79
77
57
65
77
79
78
73
74
71
68
78
71
74
77
74
57
75
69
70
78
71
77
68
70
77
60
90
65
74
68
75
78
89
77
61
77
77
48
57
78
79
73
76
75
69
68
60
82
76
77
74
78
65
75
79
77
75
86
79
69
48
78
89
74
81
75
74
68
75
57
79
64
90
76
74
48
79
77
78
77
75
78
78
68
74
69
68
81
78
77
78
73
74
76
78
64
75
87
78
75
75
78
89
74
79
78
83
48
56
76
73
78
90
60
56
78
67
76
56
69
67
59
78
73
75
75
73
82
66
75
75
80
73
75
70
76
87
87
73
90
75
89
91
59
59
75
81
79
49
67
78
71
73
75
48
82
86
82
82
81
77
87
90
89
78
48
82
82
76
89
82
78
90
82
83
77
49
82
73
90
82
77
89
76
82
58
49
78
82
71
90
82
49
67
82
86
79
81
90
86
83
49
68
89
80
78
90
68
83
80
90
90
81
80
78
90
77
75
66
59
76
71
79
76
90
68
82
79
75
87
80
76
68
71
81
74
87
77
87
89
90
89
89
90
71
59
87
81
79
75
49
58
77
75
80
80
87
90
57
86
82
49
82
60
80
89
71
75
68
74
58
67
82
82
77
75
75
79
87
49
82
60
82
82
78
58
82
74
90
59
71
75
78
81
67
59
87
74
79
67
57
82
79
80
71
59
79
74
74
79
81
79
79
89
77
81
76
79
78
90
58
78
79
73
76
74
76
78
78
74
79
73
79
76
56
76
56
75
79
55
76
76
56
73
90
74
79
77
81
76
77
75
77
89
73
78
63
62
56
74
72
74
87
90
83
77
81
77
77
79
63
62
87
89
49
79
74
82
90
78
78
62
79
49
89
50
81
79
76
90
90
81
75
82
75
79
79
81
82
82
50
89
82
76
90
61
79
82
82
49
81
90
62
90
75
90
82
91
76
62
81
73
86
73
90
81
81
74
87
90
76
83
77
80
62
59
82
87
89
65
58
90
53
59
89
52
81
87
65
52
64
52
65
52
64
52
65
52
82
82
83
90
80
90
65
52
83
82
79
52
80
52
83
