149
149
150
147
148
147
148
148
147
149
148
147
149
148
149
145
147
148
147
147
146
147
147
147
145
148
147
146
146
147
148
148
147
148
148
147
148
146
148
148
147
147
147
146
146
148
148
149
148
147
147
146
146
147
147
149
148
147
148
147
148
146
148
147
146
148
148
148
148
148
149
147
148
146
149
146
148
146
150
147
148
147
147
150
147
146
147
148
149
146
147
150
149
146
148
148
148
149
147
146
147
147
148
149
148
148
146
146
146
148
146
149
148
148
148
148
146
147
149
146
146
147
148
146
146
146
145
145
18865
