143
83
110
109
83
111
113
109
84
115
109
112
112
84
115
115
112
113
114
84
114
112
113
112
106
114
112
83
83
83
111
113
105
144
85
122
129
117
148
120
125
143
86
122
130
117
148
119
124
144
86
122
129
117
148
120
125
116
148
120
124
122
129
86
142
111
114
99
112
108
111
113
115
111
113
100
108
116
113
115
114
106
101
112
113
112
113
114
114
112
113
111
100
100
108
110
100
142
117
122
129
105
146
119
124
143
116
122
128
105
147
119
124
143
116
121
128
107
146
118
123
104
145
119
123
121
128
116
14826
