141
145
125
115
139
138
115
134
145
134
142
114
143
112
113
126
115
140
116
112
139
125
115
114
137
126
145
129
136
145
145
116
111
138
134
137
144
141
139
140
144
138
140
134
136
114
137
140
144
134
115
145
134
144
141
137
137
140
140
142
139
145
113
143
135
125
116
140
112
133
133
140
136
134
142
115
138
127
137
112
135
143
137
127
134
126
141
145
137
144
125
141
110
134
134
112
127
110
114
144
133
145
132
125
112
144
137
108
144
114
137
138
114
143
137
143
135
137
126
114
144
142
116
145
115
144
116
109
