87
85
86
87
88
89
87
70
70
70
88
70
69
69
66
66
69
69
88
71
71
88
69
69
88
85
81
69
70
80
86
86
80
87
86
86
86
85
87
85
84
85
89
85
88
85
87
87
87
87
85
88
88
86
85
86
88
86
88
87
86
87
86
84
86
86
87
86
88
89
88
88
88
84
86
69
87
87
85
69
87
68
86
87
70
68
69
88
87
88
69
69
88
86
87
88
85
69
70
89
87
86
70
87
86
88
66
66
87
87
87
70
70
88
86
86
87
86
90
86
88
69
85
86
89
88
86
69
89
69
87
85
87
70
89
86
86
84
85
70
88
84
86
84
84
70
89
85
89
85
87
68
85
86
70
87
85
86
88
86
85
88
86
84
85
85
85
70
70
85
70
85
87
70
68
87
79
71
80
69
85
69
80
70
89
84
85
70
87
85
79
85
80
71
70
90
70
86
86
89
84
86
84
84
86
70
87
89
86
85
79
87
88
89
84
70
85
66
88
86
84
86
66
86
69
86
71
88
86
86
84
70
86
86
70
85
89
88
70
87
87
87
86
88
85
66
87
69
85
69
86
71
87
66
87
86
86
87
86
85
70
85
86
88
69
70
70
80
70
88
70
84
87
88
87
87
70
70
70
79
88
86
86
85
85
89
88
88
85
69
86
85
70
89
87
86
89
88
85
68
69
69
88
87
87
86
79
86
86
88
86
87
86
85
86
88
84
85
86
86
88
86
85
85
86
86
87
85
86
85
87
84
85
87
84
85
70
88
86
85
85
85
88
69
88
69
70
86
71
70
88
84
88
68
86
71
67
85
66
87
88
70
87
70
86
66
70
84
86
87
66
84
85
86
70
89
87
71
85
70
69
66
89
69
85
70
88
86
90
69
79
70
87
70
88
84
88
71
85
69
87
86
70
86
87
89
89
69
70
86
85
88
87
87
87
66
86
84
88
87
84
87
88
71
84
70
86
86
87
84
69
85
69
85
85
89
69
85
84
70
84
85
86
84
66
88
85
84
90
80
87
71
84
87
80
85
70
84
86
70
69
87
87
87
85
71
84
86
86
80
85
86
85
70
87
86
84
86
86
87
86
85
85
85
85
84
85
84
88
69
71
69
87
87
88
86
89
71
85
88
89
88
90
88
87
85
85
87
86
87
87
85
