114
110
115
116
107
112
113
111
92
92
114
110
93
93
91
92
109
112
115
111
93
92
114
109
113
111
91
111
91
111
112
114
116
114
110
108
113
110
111
108
110
114
109
116
113
88
104
94
113
115
89
93
93
109
92
117
109
109
92
110
113
110
92
106
93
112
88
112
93
93
115
115
114
114
115
109
106
105
110
92
91
93
111
112
92
92
109
114
114
92
108
114
112
91
113
93
111
115
111
113
108
109
93
93
90
112
93
116
116
115
116
117
113
113
88
91
113
115
110
109
108
112
111
112
113
110
113
112
110
112
114
109
115
115
115
113
116
93
113
108
116
109
93
114
105
112
113
113
113
92
113
112
113
112
111
93
113
112
111
110
110
111
93
114
115
112
113
91
115
110
115
90
113
111
111
111
113
92
87
92
115
116
114
112
111
114
104
105
112
114
112
113
92
112
93
105
115
88
115
93
109
110
103
116
105
116
105
111
103
112
114
106
108
112
112
93
111
105
94
101
114
111
94
91
88
93
107
93
92
91
94
110
91
93
112
108
114
111
114
113
107
110
92
90
114
107
110
113
109
113
109
108
115
108
108
116
