73
73
77
76
67
67
74
73
73
73
65
65
56
56
74
74
59
59
72
72
67
67
86
86
59
59
69
69
72
72
69
69
70
70
65
65
70
70
64
64
72
72
72
72
76
75
71
71
71
71
67
68
68
68
75
75
77
77
73
73
83
83
72
72
77
76
74
74
64
64
75
75
79
78
59
59
76
75
68
68
80
80
71
71
67
67
73
73
87
87
65
65
76
75
70
70
89
89
78
78
73
73
71
71
73
73
88
88
73
73
75
75
75
75
63
63
84
84
70
70
63
63
68
68
78
78
65
65
60
60
60
60
71
71
75
74
79
79
47
47
75
74
72
72
58
58
72
72
73
73
65
65
64
64
73
73
75
74
80
80
68
68
71
71
51
51
69
69
63
64
72
72
84
83
64
64
64
64
51
51
69
69
67
67
70
70
68
68
64
65
85
84
