38
38
46
47
40
39
40
41
42
42
40
40
40
41
41
41
39
39
38
39
39
39
39
40
41
41
38
38
41
41
39
39
38
38
40
40
43
41
39
43
41
39
39
42
39
42
39
41
41
40
47
48
42
42
40
38
38
40
38
39
39
39
39
39
39
39
37
41
41
38
40
40
43
43
45
45
42
42
41
39
46
42
42
39
39
47
43
39
39
38
37
37
44
44
40
42
28
28
38
38
41
41
41
42
40
40
39
40
40
26
41
27
48
41
39
41
41
49
41
40
44
38
38
45
38
44
44
38
40
40
41
38
38
41
30
30
40
39
38
38
39
41
41
39
30
38
42
40
40
31
40
38
43
41
44
44
40
41
40
40
46
46
41
40
40
42
49
43
49
40
40
44
42
43
39
39
41
44
44
41
47
41
41
48
40
41
45
40
39
39
39
40
40
46
42
44
40
43
45
40
39
39
40
39
38
38
38
38
39
39
38
38
42
42
26
27
48
39
38
42
49
48
40
27
46
37
37
38
43
37
48
27
47
40
39
43
43
37
39
40
40
40
40
40
39
43
40
43
41
39
39
44
44
42
43
43
39
44
44
40
40
40
41
42
49
49
40
40
42
42
42
43
45
45
40
40
40
47
47
40
41
40
42
43
38
38
40
40
40
40
40
40
42
42
42
42
43
42
42
41
42
44
43
42
39
39
40
40
39
39
40
44
40
45
38
39
39
38
46
46
38
39
43
44
41
40
44
42
42
45
48
40
40
49
39
39
41
42
41
42
41
41
48
48
40
40
45
46
49
49
40
40
41
42
41
42
29
29
31
31
41
41
50
51
41
40
41
42
40
40
40
41
41
41
42
43
49
49
51
51
45
45
44
45
15688
