34
25
31
33
25
30
29
29
34
32
25
25
25
30
24
30
31
24
26
27
32
25
24
59
28
30
32
25
25
31
31
32
32
24
25
34
29
27
32
59
34
45
28
30
24
40
59
33
33
40
38
28
30
36
41
33
24
26
34
37
28
29
29
39
31
31
24
42
33
31
60
25
23
42
35
31
27
37
28
27
31
38
23
37
22
32
32
29
27
32
27
43
30
28
24
33
39
27
42
34
29
44
26
28
37
37
44
32
26
44
37
26
36
29
39
28
35
29
40
27
25
37
30
27
38
28
32
33
41
30
31
36
29
29
33
32
38
38
29
31
30
30
30
38
28
38
30
32
32
29
29
31
38
28
40
28
31
31
30
29
32
29
29
29
32
29
30
35
29
31
29
30
31
31
31
36
25
38
28
31
31
28
31
37
25
27
29
31
38
40
30
31
35
32
27
46
32
27
35
29
37
44
26
46
32
30
27
31
37
36
26
45
32
30
29
31
31
36
45
43
25
42
30
43
26
33
30
37
46
26
32
28
33
44
25
25
35
33
45
28
31
35
30
35
44
25
43
26
28
30
27
31
30
27
30
25
31
26
30
36
42
31
33
29
37
26
29
36
43
31
33
28
35
24
30
36
42
32
27
31
28
37
25
28
32
27
35
40
43
30
32
28
33
24
29
33
43
30
26
28
37
25
30
36
41
27
32
25
27
33
39
29
30
30
31
27
28
25
28
25
36
29
37
29
38
41
34
42
29
28
36
29
39
41
34
42
29
36
34
33
36
33
34
33
40
37
33
28
27
27
28
29
33
32
28
37
36
33
32
26
27
30
38
33
38
34
44
30
31
35
31
26
27
34
31
35
33
34
32
27
35
40
26
32
26
31
30
37
28
30
34
33
26
31
30
37
28
28
31
32
26
31
30
38
28
29
36
34
34
27
27
36
33
38
25
28
31
32
29
29
34
56
28
35
38
31
29
48
25
38
26
35
30
29
28
51
36
28
36
39
30
25
34
32
32
34
24
31
26
38
29
38
34
71
28
48
28
28
30
38
33
47
32
28
30
36
38
57
25
28
47
51
33
31
28
57
24
38
31
28
56
69
35
25
38
31
29
32
48
33
32
53
36
35
70
37
30
33
24
56
35
33
71
35
31
31
26
35
33
67
37
31
16860
