71
71
67
70
87
72
72
67
90
73
67
68
87
70
71
66
90
68
70
87
70
72
66
91
73
66
67
86
69
71
68
88
86
176
105
88
86
93
88
98
107
133
93
90
87
92
99
98
75
89
92
99
69
89
93
100
164
99
69
107
86
99
97
75
67
67
68
56
79
61
83
93
134
67
69
56
78
60
86
92
132
57
78
61
84
93
187
67
68
67
69
56
79
60
83
61
88
64
84
86
151
84
93
84
64
140
84
92
64
88
157
83
82
65
81
88
232
86
118
93
77
93
83
64
84
65
84
83
49
57
126
50
56
84
122
49
86
76
164
159
49
86
57
76
82
134
176
115
50
88
57
75
80
118
50
84
53
76
82
57
83
348
109
165
105
83
86
101
73
288
87
152
107
81
87
101
74
73
112
146
105
83
88
101
74
75
108
105
82
87
93
75
119
76
75
71
90
76
108
108
96
73
88
74
89
85
111
109
95
113
76
74
90
86
111
116
96
75
74
85
109
112
73
85
81
124
98
119
80
182
71
71
139
120
83
108
80
161
119
71
181
84
97
78
133
82
97
78
71
97
123
79
149
71
82
109
23490
