173
162
207
222
186
175
207
257
230
235
287
135
219
208
196
431
978
176
182
196
210
243
175
230
255
248
231
188
267
132
225
161
221
168
222
876
249
220
414
260
151
160
226
320
218
461
283
162
153
544
981
303
149
223
158
220
226
240
172
224
153
223
227
178
150
145
179
197
241
156
195
220
222
181
436
220
224
230
147
443
436
239
433
237
162
275
396
158
875
211
157
765
437
166
313
168
219
208
224
224
871
218
874
221
223
236
223
212
204
200
206
223
197
179
223
197
948
208
734
376
545
247
211
218
426
173
231
196
35721
