79
79
73
73
73
73
76
77
77
76
71
71
76
76
72
72
77
77
67
67
72
77
68
73
77
68
78
69
67
67
76
76
69
76
76
79
75
68
66
76
69
68
70
67
74
68
74
67
68
67
74
67
66
76
67
68
77
76
84
84
75
71
71
75
70
71
68
68
80
80
76
68
76
80
69
68
82
68
79
79
67
69
67
69
69
69
70
71
68
68
68
69
71
70
70
71
67
74
67
75
73
73
72
73
67
67
67
68
64
65
69
69
74
74
72
71
70
70
67
70
66
66
71
69
68
70
72
69
68
68
65
65
69
68
76
73
70
68
65
76
73
66
72
72
65
66
71
77
68
66
70
65
72
70
78
69
74
74
65
81
66
70
81
70
71
69
69
64
71
69
69
70
77
65
70
77
81
74
71
82
72
75
77
78
69
69
68
68
70
71
71
71
75
73
75
73
76
67
77
68
63
63
69
73
73
70
70
70
76
63
76
64
67
67
67
67
67
67
67
68
72
72
72
73
66
66
65
66
73
73
71
72
66
66
67
68
72
72
77
77
68
68
67
73
67
73
70
70
79
79
80
80
72
73
73
74
