22
22
13
13
18
19
18
18
18
18
18
18
18
18
15
15
16
16
15
15
15
15
15
15
13
13
13
14
13
13
13
13
13
13
21
21
15
15
20
21
20
20
17
16
16
17
16
16
16
16
20
19
13
13
21
21
22
22
16
16
14
14
14
22
14
23
16
16
14
15
14
14
14
14
14
14
10
10
10
10
10
10
10
10
10
10
10
10
10
10
10
10
10
10
10
10
14
13
12
12
12
12
12
12
12
12
12
12
12
12
12
12
12
11
22
22
20
19
20
20
20
20
12
12
20
19
19
21
21
10
22
10
10
11
13
13
10
10
13
13
11
11
13
13
11
11
13
13
10
10
13
20
20
13
13
11
13
10
15
13
16
14
15
13
14
17
11
17
11
14
13
14
16
14
16
13
13
17
11
12
10
17
16
17
15
16
17
15
14
17
15
15
14
16
14
16
15
14
16
15
15
13
15
13
15
15
16
12
15
16
12
15
14
15
15
14
15
15
12
15
14
14
13
12
13
13
15
15
15
15
19
16
13
16
12
19
13
15
15
19
19
13
14
12
19
13
12
19
15
19
13
19
13
15
17
17
12
15
14
12
14
18
17
18
17
15
20
21
20
15
15
21
20
20
13
18
13
19
17
18
17
15
18
17
16
16
16
17
18
17
15
16
16
16
17
15
13
13
15
18
15
17
18
20
17
14
16
18
20
14
16
15
18
15
15
17
16
18
17
16
18
17
15
17
17
17
15
20
17
17
20
15
16
17
15
16
13
18
13
14
18
14
17
13
15
17
17
18
16
13
15
16
16
17
16
14
21
17
14
21
18
15
15
18
15
16
18
14
15
12
18
12
17
15
17
15
18
15
18
15
17
15
17
14
18
15
15
14
18
15
14
16
15
18
17
15
17
17
16
15
17
14
16
18
15
18
14
17
15
17
17
18
15
15
15
15
16
15
15
16
15
15
18
15
18
18
15
19
21
21
17
17
18
15
17
15
10
18
18
11
18
16
16
18
16
17
17
19
16
17
19
17
18
17
15
18
18
17
15
18
18
17
19
18
17
17
19
18
17
17
15
18
17
15
14
14
17
17
17
14
17
15
11
15
15
11
17
18
20
17
19
11
18
11
17
17
17
10
17
10
18
10
18
15
15
10
16
16
10
10
14
15
10
10
16
10
11
16
15
15
10
10
10
15
15
10
18
18
10
10
17
17
18
18
15
20
20
15
15
15
20
21
20
18
17
20
17
17
16
16
14
14
16
16
17
20
21
16
15
15
16
17
12
16
13
16
16
16
17
12
15
13
21
16
16
12
20
12
16
16
12
16
12
16
16
17
16
12
12
17
17
16
12
16
16
12
16
12
22
22
16
13
22
15
12
16
12
22
13
21
15
12
21
16
15
13
13
15
15
12
12
15
8
15
8
15
8
14
13
8
8
14
14
8
8
14
8
14
14
8
8
14
19
16
20
16
8
8
22
22
19
8
19
8
8
20
8
21
20
8
8
19
8
13
13
8
14
8
8
14
14
13
8
8
12
14
13
12
20
12
12
20
22
21
12
12
12
20
12
20
16
16
19
20
8
20
21
8
21
12
12
21
21
20
14
15
15
15
20
21
15
15
16
15
16
15
22
22
14
15
14
15
15
15
15
15
14
14
16
16
16
16
16
16
16
16
16
15
18
18
22
22
22
23
22
22
20
20
20
20
20
20
20
20
18
18
18
18
16
15
21
22
23
21
16
18
16
19
15
15
15
16
8
14
14
8
7
7
8
7
8
8
7
8
8
8
7
7
8
7
8
8
8
7
7
8
8
8
7
7
8
7
8
8
22
23
16
16
15
16
15
15
19
19
16
14
16
14
14
15
14
15
16
14
14
16
21
14
14
21
20
16
20
15
15
22
15
21
20
15
20
16
20
14
15
20
15
16
15
16
15
15
15
15
16
16
15
15
16
16
15
15
15
15
14
14
15
16
18
18
18
19
21
21
16
16
19
20
19
19
14
14
19
19
15
15
18
18
21
21
15
15
14
14
18
18
16
16
16
17
15
16
16
16
16
15
16
15
16
16
15
15
20
20
15
15
19
19
15
15
19
19
15
15
16
16
20
20
16
16
16
17
17
16
16
17
18
18
16
16
19
19
18
19
18
19
17
16
10
10
18
17
10
10
15
10
9
15
15
15
9
9
10
15
15
10
15
5
15
6
14
6
14
6
17
6
5
18
16
16
6
5
6
6
6
6
6
6
5
5
6
6
6
5
10
10
10
9
10
10
10
10
6
6
6
6
6
6
6
5
10
10
19
19
6
5
6
6
18
18
20
21
5
6
15332
