306
875
365
247
738
227
246
438
332
217
533
165
846
302
874
234
762
287
375
327
223
767
227
657
220
757
208
764
765
328
655
326
169
763
173
192
436
764
323
768
383
983
654
873
505
386
765
435
872
764
767
873
248
293
876
653
836
654
972
655
649
870
435
985
375
763
494
907
872
767
870
552
557
760
765
743
240
646
870
307
435
984
543
440
211
732
217
766
356
434
740
543
656
716
393
651
544
765
543
381
188
221
545
874
425
657
873
653
226
271
618
759
492
716
860
982
540
646
546
431
222
978
236
859
765
763
218
213
