194
206
133
654
118
144
171
200
132
216
289
438
183
122
437
213
110
110
110
435
111
120
284
108
226
159
330
435
151
438
544
115
96
196
109
95
111
124
173
94
85
329
207
545
82
85
218
228
97
431
287
126
436
205
96
96
207
513
541
200
323
121
217
547
112
538
216
110
432
171
215
530
110
121
113
181
406
203
177
135
143
218
189
170
216
202
125
121
330
323
436
438
156
433
197
329
327
217
435
166
198
113
437
116
399
401
113
329
109
116
111
215
116
115
281
132
354
192
431
435
137
324
209
537
101
179
517
100
437
327
215
155
219
546
216
194
105
102
329
220
434
548
214
108
218
214
111
204
78
143
79
80
762
120
109
545
111
112
198
114
81
209
155
321
212
326
81
218
213
436
105
111
217
117
219
106
195
179
212
153
207
323
176
437
109
219
436
550
107
328
645
327
112
110
523
437
636
217
114
111
107
532
108
136
319
129
196
217
108
325
329
421
113
106
217
114
237
102
106
102
115
546
321
191
74
210
216
72
72
549
72
550
214
116
117
439
325
181
116
434
118
160
545
545
315
186
435
118
313
419
326
116
173
119
217
325
