33
24
47
32
24
45
46
32
60
32
74
60
33
60
24
41
43
33
29
45
74
53
47
49
60
29
32
49
60
40
24
40
32
54
43
41
44
57
29
60
29
32
69
85
60
45
29
24
23
43
51
33
50
74
44
41
24
23
29
41
43
42
29
69
45
53
83
54
53
52
80
50
48
23
22
40
74
57
41
69
40
45
53
53
51
40
47
50
23
22
56
45
53
51
50
23
30
46
77
37
30
60
30
29
77
46
30
37
30
60
26
29
27
37
60
29
26
37
60
55
46
55
26
76
30
55
28
26
38
38
44
45
40
31
59
54
38
31
38
48
40
54
48
31
58
55
40
40
31
58
42
48
41
39
45
31
48
31
58
36
47
27
28
49
26
47
47
54
28
55
41
27
49
28
50
27
47
47
41
99
27
28
47
27
41
28
27
50
47
54
97
41
24
24
39
33
33
58
50
62
49
24
24
39
81
33
39
42
44
50
49
58
43
39
39
24
33
81
24
62
33
58
62
58
57
36
36
35
57
57
77
48
54
57
30
34
57
30
78
48
54
58
36
34
56
30
77
47
54
57
36
38
34
62
30
43
48
63
57
38
34
57
30
38
31
43
31
45
31
50
31
31
49
46
33
63
32
31
45
32
43
39
33
43
49
37
32
50
40
27
40
28
27
40
41
28
65
40
40
27
28
81
27
27
65
27
28
40
79
57
57
40
65
57
28
40
26
40
40
40
47
34
38
33
32
31
99
47
33
56
54
47
37
55
34
38
55
33
31
57
47
99
47
34
34
34
28
34
38
34
28
32
56
34
55
34
28
34
38
49
34
31
29
35
28
35
55
28
49
28
35
28
34
55
28
49
34
27
35
28
34
54
28
48
42
33
40
42
78
42
56
36
33
64
41
57
34
42
65
37
40
34
41
42
78
41
65
56
37
57
37
33
40
32
41
41
29
29
40
34
42
32
38
54
38
30
40
33
42
32
37
55
37
34
42
33
37
55
37
29
39
30
34
40
47
34
43
42
40
32
39
37
47
32
34
43
35
43
47
37
46
35
34
34
46
35
68
38
37
40
47
66
37
43
38
34
34
35
46
37
72
38
30
30
42
42
72
42
30
44
37
53
38
65
45
73
38
43
44
38
30
42
53
30
65
44
53
44
38
38
30
37
27
27
32
40
28
65
32
77
27
66
28
51
32
28
27
27
77
32
27
65
65
41
77
27
32
65
41
27
41
65
51
27
22
22
33
55
27
63
63
30
77
27
30
56
27
63
44
31
76
22
34
26
44
22
33
27
30
34
54
27
44
30
21
55
31
33
32
32
36
33
31
30
33
27
31
81
37
27
30
36
33
31
32
28
40
27
40
81
76
77
40
33
19
40
37
29
36
19
27
19
64
46
23
44
94
19
23
57
20
23
19
23
23
57
29
20
65
57
46
44
94
57
28
46
23
46
43
28
60
41
61
50
50
41
27
41
60
42
27
60
60
61
26
213
51
26
27
60
27
27
41
26
42
25
43
26
43
51
27
60
18
33
82
46
55
52
31
46
31
55
18
19
55
18
33
31
79
18
32
18
52
79
45
52
31
46
55
81
31
19
33
30
33
28
32
33
95
32
28
40
33
46
47
33
40
32
32
32
28
32
41
32
63
27
32
26
32
95
46
27
48
28
31
64
28
46
33
31
26
41
214
27
61
31
26
32
32
46
63
36
27
28
50
27
28
28
27
27
26
52
27
46
27
47
61
35
27
46
54
36
46
35
54
52
27
32
54
28
27
45
26
50
64
36
46
46
27
31
26
51
54
36
63
46
46
28
45
51
98
32
32
45
28
32
25
32
25
98
28
24
32
24
27
32
32
96
24
32
32
96
32
44
58
44
25
57
29
56
28
29
36
33
41
98
35
40
35
43
97
61
34
59
35
61
35
59
34
35
40
60
40
58
61
58
43
43
62
34
58
33
40
43
31
25
31
30
58
47
31
48
48
25
64
31
25
58
48
36
36
31
31
25
48
48
31
63
35
64
35
47
31
48
31
31
65
63
60
23
37
23
37
31
63
62
23
31
31
23
65
30
63
60
63
37
60
62
63
36
23
23
31
62
63
23
30
36
34
43
51
38
54
54
34
41
43
41
36
50
30
36
30
38
35
42
50
41
43
48
43
30
41
55
106
38
41
50
30
41
35
28
49
39
28
28
49
25
34
26
53
35
40
52
28
49
28
48
35
26
65
52
28
25
28
25
65
40
105
35
64
38
22
22
41
34
35
102
48
28
49
35
28
22
28
22
41
22
28
41
22
28
41
39
106
40
41
28
41
40
49
41
34
108
