96
76
78
95
218
94
219
113
86
115
85
75
76
76
78
94
86
47
102
325
107
86
111
109
48
47
79
103
90
106
50
86
78
109
168
110
82
47
89
82
217
90
50
105
82
105
83
50
120
38
37
328
38
38
218
51
70
51
69
51
70
327
38
119
35
35
54
65
80
35
54
65
91
55
112
66
81
92
36
116
76
180
153
100
76
114
53
74
103
100
77
116
56
76
103
57
54
64
81
54
64
214
103
65
68
104
218
219
69
54
81
69
108
56
80
104
79
106
116
108
56
56
117
321
105
108
80
57
214
113
84
74
73
113
66
73
109
84
218
85
66
75
74
76
294
107
99
71
108
101
99
72
70
99
196
107
71
100
72
70
67
83
67
101
60
90
112
61
60
103
61
82
91
83
188
111
43
108
110
91
152
219
43
44
97
216
43
106
97
90
109
91
94
109
52
103
214
106
53
64
219
107
52
64
106
103
95
65
78
68
77
60
76
111
62
108
78
68
76
60
78
117
62
109
59
111
214
106
89
114
90
117
108
158
193
59
59
90
59
109
89
87
111
82
50
86
113
63
169
63
51
220
89
64
83
52
78
78
89
85
78
80
107
83
90
78
80
214
95
94
85
79
91
92
83
66
218
63
213
108
219
83
66
65
108
92
65
63
106
108
104
55
60
55
68
212
93
94
61
220
60
70
69
56
64
95
65
103
78
75
110
76
64
212
113
77
108
102
78
95
53
87
53
52
76
212
44
45
212
44
75
100
88
54
75
99
221
109
85
109
109
106
178
83
72
84
84
72
64
72
64
64
216
84
66
103
48
105
110
49
83
109
65
103
48
49
105
66
53
88
100
63
81
216
103
52
94
53
93
88
100
64
81
64
63
77
80
69
105
148
106
81
69
213
69
218
63
63
77
70
108
219
73
73
77
113
56
106
57
104
178
77
106
77
113
75
45
73
44
103
218
77
73
110
90
106
90
79
74
78
45
44
95
91
99
90
90
105
106
90
65
96
99
212
91
104
65
66
57
96
63
79
79
111
57
104
64
174
109
109
57
97
79
63
114
102
108
70
221
102
110
70
63
64
105
109
103
63
106
71
109
78
50
105
107
214
177
50
106
110
50
106
78
102
50
77
65
97
99
79
219
63
234
99
97
78
64
66
64
79
100
66
