58
58
68
68
74
73
60
61
72
72
72
73
56
56
62
63
69
69
73
73
61
61
63
63
66
66
72
72
57
57
60
60
54
55
68
69
76
75
73
73
73
73
70
70
73
72
67
67
69
70
66
67
70
70
67
67
66
67
74
74
60
60
66
66
62
62
74
74
60
60
72
72
72
72
62
62
58
58
55
67
67
60
60
55
66
66
70
72
71
72
70
70
71
71
69
69
69
69
68
68
65
65
58
58
54
54
67
68
59
59
66
67
68
68
68
69
75
64
75
65
74
74
76
75
75
77
70
70
66
66
67
67
69
69
70
71
71
76
76
70
66
66
71
71
68
68
59
59
68
68
68
68
73
73
62
62
77
78
77
77
71
71
71
71
65
65
84
85
59
59
60
61
62
62
62
59
59
62
61
62
69
69
59
60
69
69
62
62
70
70
75
75
69
68
70
68
68
68
69
69
59
59
72
72
74
74
71
71
69
69
69
70
73
73
78
78
66
66
73
73
58
58
68
69
58
58
68
69
66
66
73
73
72
72
78
78
73
73
80
80
74
74
68
69
56
56
68
69
73
73
62
63
81
81
64
64
