41
41
39
40
39
39
40
40
39
39
40
40
40
40
40
38
38
40
41
42
38
38
37
38
34
34
34
35
34
34
33
33
38
37
43
43
38
39
42
42
35
35
35
36
36
37
38
38
37
36
39
39
41
42
38
39
40
41
43
43
42
38
34
34
42
38
36
36
39
39
37
37
34
34
37
37
37
38
37
39
37
39
36
35
39
34
35
35
38
38
40
37
34
34
38
40
36
34
40
42
36
37
42
36
37
37
38
37
40
38
37
40
34
34
34
34
40
40
34
39
35
39
33
39
40
33
39
39
35
35
36
37
37
38
38
38
34
34
38
36
36
39
37
37
37
37
34
34
35
41
39
36
37
37
41
39
37
37
38
38
38
40
35
38
39
39
39
37
36
36
40
37
36
40
40
41
37
41
36
39
42
39
35
39
37
39
39
38
38
36
37
39
35
37
38
38
39
37
38
38
36
38
36
38
38
38
39
39
40
40
38
38
40
40
39
39
37
37
40
40
40
41
39
39
40
39
38
38
37
37
37
37
38
38
37
38
38
38
38
38
40
40
41
41
38
38
38
38
36
36
35
36
38
38
38
38
39
39
41
42
40
41
40
40
38
38
38
39
41
41
41
41
37
37
37
37
37
37
39
39
39
39
41
42
39
40
41
41
39
39
37
38
39
40
38
38
39
39
41
41
37
37
39
39
39
39
39
40
40
40
41
41
38
38
41
42
37
38
37
37
42
42
38
39
39
39
43
43
38
38
37
38
38
38
41
41
38
38
38
38
40
40
37
37
40
40
38
38
41
42
37
37
38
38
40
41
38
39
41
41
38
38
37
37
40
41
36
36
41
41
40
41
40
40
40
40
36
36
41
42
39
40
39
39
41
41
43
44
41
42
38
38
36
36
37
37
38
39
36
36
39
39
40
41
38
39
39
39
41
41
38
39
38
39
38
38
39
39
40
40
40
40
38
38
38
37
41
42
40
40
37
37
39
39
40
41
39
39
40
40
37
37
40
40
40
41
37
37
38
37
38
39
38
39
40
40
37
37
38
39
40
40
38
38
38
38
37
38
37
37
42
42
41
41
38
39
38
39
42
42
38
38
39
39
43
43
38
38
38
38
41
42
39
40
38
38
39
39
41
42
38
39
39
39
37
37
41
42
38
39
42
42
19708
