119
122
119
120
120
116
118
121
116
116
118
116
120
118
116
119
118
120
118
118
120
121
121
119
122
117
120
111
122
117
124
122
118
117
118
117
116
119
115
116
111
117
123
124
119
117
118
117
122
119
117
111
118
118
117
124
118
124
122
117
118
119
117
117
120
122
119
111
117
124
123
121
122
119
123
122
111
118
122
117
118
124
119
119
111
123
116
119
116
122
118
123
111
118
120
117
117
118
119
110
119
117
116
122
111
122
122
110
118
121
119
115
118
117
119
116
118
123
119
111
118
123
118
121
119
119
121
119
119
118
118
121
119
121
116
110
117
121
124
118
122
118
118
116
119
118
116
118
119
117
124
111
118
116
119
119
120
119
119
117
118
121
111
117
119
116
121
122
118
115
122
118
117
119
120
124
119
119
118
123
115
110
119
117
122
120
118
121
122
125
118
118
110
118
118
118
120
117
118
120
124
119
123
118
116
111
111
124
116
120
117
117
118
123
122
122
117
118
123
120
118
117
118
123
120
111
121
119
118
111
117
123
119
121
118
117
120
122
117
118
122
117
118
118
123
118
117
118
124
116
116
117
119
117
120
117
