163
165
164
164
167
164
165
163
168
168
167
167
168
167
167
168
164
164
165
165
165
165
164
167
163
166
164
167
168
165
167
166
167
169
168
168
168
166
166
169
168
166
166
167
167
166
167
166
167
167
167
167
167
167
167
167
167
168
169
169
168
167
166
168
169
170
169
169
169
170
170
171
168
169
167
167
168
170
169
169
169
169
169
168
170
169
170
170
169
169
169
169
168
170
172
171
170
172
169
170
172
171
171
169
169
169
169
168
168
170
170
169
168
170
171
169
169
171
169
170
170
170
169
170
170
170
168
169
21496
