142
140
141
144
141
142
143
139
143
144
139
142
143
140
141
143
141
144
139
142
141
142
140
143
141
144
141
142
142
143
140
143
142
142
140
142
141
143
141
143
144
140
142
142
142
144
140
142
142
144
140
143
143
141
141
144
142
139
143
144
142
142
141
145
143
142
143
143
141
141
143
142
142
141
143
142
141
143
141
142
142
142
142
143
141
142
141
144
142
142
143
143
143
142
144
142
142
142
142
143
143
140
143
141
143
144
143
144
143
143
140
142
142
140
142
141
139
140
140
141
139
139
141
140
140
141
141
141
18157
