59
59
53
54
56
55
42
55
61
42
59
54
59
59
61
42
54
55
55
30
55
42
55
58
58
30
59
30
42
59
55
30
58
55
61
54
58
62
41
53
58
56
58
58
58
54
47
55
59
58
59
33
54
60
53
52
30
45
54
59
57
38
56
63
64
52
45
30
54
58
55
53
56
53
55
49
54
55
62
57
55
54
59
43
59
52
54
55
58
45
62
53
54
55
54
59
30
34
30
57
60
65
55
43
63
50
53
62
57
50
50
54
63
53
46
63
59
55
55
56
56
59
54
34
43
63
55
54
54
57
59
55
54
64
53
58
57
37
56
55
54
49
57
54
54
61
54
50
44
62
56
53
60
34
64
59
44
54
55
58
55
55
56
63
43
56
42
58
50
54
61
50
50
41
56
60
60
57
55
55
61
52
57
42
55
43
62
59
54
55
54
54
57
50
21
55
55
55
44
57
60
50
46
54
51
42
64
54
57
55
55
58
55
43
57
56
55
55
55
57
61
58
55
58
33
55
61
55
55
58
58
54
61
54
55
54
60
57
55
63
60
48
55
54
55
52
64
58
45
54
46
58
54
42
56
61
53
50
56
59
58
41
43
42
30
42
46
36
55
50
54
56
53
35
58
57
61
55
62
50
38
55
55
56
53
56
29
56
60
56
49
55
58
61
29
42
43
58
55
49
63
62
55
29
54
50
36
54
49
55
55
50
65
60
26
36
61
42
53
43
54
56
22
53
55
35
43
35
29
42
44
51
55
48
54
55
55
29
55
60
49
56
54
61
61
29
56
56
53
63
61
61
54
35
42
55
43
25
55
55
54
50
58
55
54
58
22
58
54
65
54
30
58
26
61
55
55
59
64
42
55
46
56
60
54
35
42
63
37
38
56
55
44
66
57
59
55
56
49
53
55
38
56
57
42
45
52
46
54
51
49
61
63
55
45
62
58
54
35
63
59
55
55
58
60
38
55
50
65
42
59
36
57
55
50
35
61
46
26
45
56
42
61
49
42
44
53
37
45
53
53
56
55
48
54
61
55
52
63
54
65
29
55
45
46
58
53
39
54
53
35
53
59
55
56
42
65
62
44
53
49
53
59
58
41
56
26
37
54
48
58
55
55
52
55
42
55
57
57
35
56
54
55
45
22
58
56
53
54
56
48
57
54
41
58
63
60
56
55
36
21
51
56
48
53
36
58
21
39
62
52
41
55
56
58
44
53
41
56
59
56
53
47
54
54
58
50
61
58
22
58
61
53
54
41
60
54
47
21
52
57
48
58
26
56
62
54
63
62
58
58
41
55
49
21
54
59
50
44
53
47
56
54
48
59
60
38
21
56
58
54
64
59
42
44
54
63
21
54
64
59
59
65
56
55
44
62
38
58
45
56
38
56
55
48
65
53
44
21
54
57
35
55
59
53
21
51
57
48
38
54
56
53
50
21
58
62
62
56
38
53
55
38
42
64
56
65
38
54
43
53
50
60
61
57
35
54
21
58
48
48
40
65
55
21
52
56
57
38
53
52
55
38
56
50
57
61
38
61
53
50
21
59
63
53
49
38
65
54
44
38
61
65
48
35
55
21
54
64
55
59
53
21
60
55
38
56
54
25
53
50
57
53
44
62
38
56
58
38
61
57
55
38
63
48
42
50
54
63
55
42
57
41
54
56
62
57
58
63
63
56
53
38
63
48
39
54
38
49
58
56
58
47
59
54
58
63
58
61
55
38
48
26
39
54
56
63
57
26
63
63
62
57
63
39
38
63
53
61
58
57
48
39
41
58
58
53
59
48
26
38
63
63
40
64
55
58
26
54
56
54
26
39
57
64
57
48
43
59
39
55
22
46
62
44
43
54
58
39
46
63
46
54
61
58
26
61
50
21
46
56
58
26
53
54
59
53
47
46
22
54
65
65
54
26
47
55
38
46
56
38
59
53
55
58
22
46
55
62
63
64
26
39
54
65
59
62
47
26
56
47
54
47
42
57
62
53
63
65
48
59
58
56
39
55
58
58
54
26
55
38
58
58
57
43
54
26
55
56
40
62
26
62
65
39
39
55
61
63
57
59
39
46
38
40
53
63
61
26
54
40
65
54
26
56
39
54
58
48
39
56
65
61
42
39
44
48
59
40
57
48
42
58
46
45
64
61
63
54
54
46
61
48
46
42
48
54
45
62
63
48
56
46
45
57
58
48
46
58
61
39
58
62
59
58
58
59
58
51
65
48
55
58
44
66
65
59
55
63
61
56
48
58
58
44
44
44
63
59
39
40
40
48
48
44
44
44
44
44
49
59
40
39
59
59
40
59
49
48
61
40
44
55
63
52605
