174
238
163
226
230
260
656
171
280
219
240
546
237
162
869
294
279
246
657
546
310
547
411
262
193
392
159
220
546
259
214
234
176
631
982
238
657
508
202
232
292
656
872
261
260
263
330
872
219
655
277
326
443
205
329
326
652
405
538
766
526
651
764
861
111
873
653
126
116
982
134
871
175
212
404
437
491
176
870
133
268
310
763
265
541
200
655
220
981
748
193
866
149
215
220
873
344
656
368
375
231
650
500
224
273
151
140
173
152
764
965
304
182
145
732
219
420
221
984
325
234
262
294
873
321
874
312
271
