47
39
75
30
38
85
30
74
47
39
29
47
39
48
75
30
76
38
39
38
29
76
86
48
84
47
74
30
48
29
75
39
41
36
47
43
45
45
67
41
108
37
45
42
67
50
47
42
38
45
43
49
47
46
37
47
67
42
108
42
37
49
45
49
71
54
47
62
62
47
61
71
53
60
44
42
104
48
54
62
43
102
104
62
52
53
63
47
53
62
47
85
63
48
53
104
48
44
61
61
54
103
60
54
44
61
47
48
62
59
54
42
62
47
88
71
53
48
59
54
48
42
50
43
53
42
101
44
52
44
74
52
45
48
75
52
44
64
65
108
52
43
45
64
47
66
76
108
52
44
44
64
47
108
52
43
42
64
48
45
57
91
76
31
57
42
44
68
76
93
31
31
57
41
41
68
44
31
41
68
43
31
66
41
67
65
70
91
46
57
69
44
57
75
56
45
57
69
54
55
65
44
54
46
57
66
54
44
53
66
66
46
58
66
55
45
54
65
47
65
44
66
46
65
65
66
39
47
78
56
47
67
60
67
39
47
78
39
34
57
47
78
66
48
79
59
38
34
59
46
78
40
57
34
62
47
66
39
33
59
34
67
39
34
79
47
77
47
57
48
49
46
66
49
34
59
48
79
49
39
62
34
39
59
62
34
59
33
46
46
49
47
50
38
61
76
56
46
49
47
51
39
61
76
53
47
51
38
62
75
53
46
49
47
49
47
50
38
61
37
52
59
52
52
52
106
52
106
62
62
61
52
52
68
88
52
52
32
42
52
53
59
106
88
52
51
62
67
73
52
62
32
60
53
52
42
108
53
107
88
74
64
60
67
72
52
52
68
53
32
61
50
64
68
32
53
68
32
41
53
64
68
67
41
45
44
55
44
115
66
80
64
43
108
65
79
43
44
108
64
55
43
55
44
114
65
107
79
61
80
62
43
54
44
54
66
45
116
108
71
50
45
47
41
28
122
27
71
50
45
48
45
27
28
107
71
50
44
47
45
28
28
107
50
44
44
45
27
53
64
41
41
34
52
108
64
53
33
65
75
34
40
52
118
74
40
53
41
51
52
65
34
34
34
33
34
33
75
51
52
63
84
64
53
50
63
50
63
54
87
52
64
54
51
84
104
86
62
85
64
53
54
52
54
50
87
108
62
64
54
61
49
