87
87
67
163
111
87
67
122
129
67
100
144
109
203
87
101
171
95
122
190
86
95
156
87
550
88
86
438
134
86
118
87
137
88
88
82
102
130
86
101
436
90
443
90
218
82
103
84
79
101
102
87
276
543
87
82
109
88
82
111
127
84
119
89
86
111
118
78
125
437
217
86
115
87
109
112
151
78
194
79
88
226
545
177
109
115
109
115
198
546
433
89
89
109
89
129
137
199
437
216
137
103
110
129
107
153
110
102
109
213
109
107
147
549
208
118
77
123
91
430
90
91
76
546
77
129
205
138
106
108
89
115
88
90
544
70
57
69
57
69
57
523
93
106
97
108
109
97
546
201
545
224
121
164
206
107
109
109
111
135
114
229
109
109
542
113
160
109
541
117
113
109
179
114
125
109
111
93
109
154
125
107
119
121
127
95
113
216
111
106
207
169
80
62
178
434
128
80
107
99
61
61
224
110
81
129
100
62
107
158
75
74
80
212
154
89
169
128
510
78
88
80
151
76
88
83
129
86
515
108
431
105
435
206
87
111
105
85
87
128
110
124
134
77
218
104
219
163
105
77
103
110
104
78
547
113
39373
