20
11
14
16
15
13
11
14
12
14
19
15
19
19
19
14
15
14
16
12
19
16
18
19
19
20
14
11
14
13
14
14
17
18
18
19
19
18
9
15
11
20
20
13
14
11
18
11
11
19
18
16
11
17
9
19
18
14
20
13
19
15
13
16
15
14
18
16
14
14
15
14
17
16
14
13
13
14
12
13
18
16
22
22
18
18
14
18
17
14
26
14
13
22
13
22
14
16
13
14
21
13
21
14
15
14
15
13
13
14
16
17
17
13
15
15
15
16
21
22
21
14
13
16
22
17
18
15
26
26
22
23
24
24
25
15
25
24
23
15
21
25
18
18
24
18
26
15
12
28
20
22
19
18
20
20
20
25
13
22
23
19
21
15
20
15
21
12
21
16
12
16
22
13
22
15
13
23
17
13
19
18
13
25
21
21
22
24
21
23
15
20
21
14
18
18
15
29
22
16
13
19
21
17
19
12
13
22
17
12
25
15
15
22
21
14
22
28
15
15
22
12
21
13
16
19
19
25
15
13
22
22
17
17
13
22
14
14
17
14
21
26
19
22
17
22
19
17
28
13
17
14
15
15
17
19
23
22
13
15
17
15
17
17
24
19
15
23
13
13
17
24
19
13
14
15
13
15
14
24
27
25
14
13
17
17
23
19
25
14
21
25
24
17
22
37
24
18
15
15
22
14
18
37
25
18
14
21
16
18
17
23
22
14
19
11
16
14
15
13
12
16
25
25
19
21
21
13
14
20
17
30
24
17
17
19
17
20
20
18
13
16
16
18
23
21
18
17
15
17
15
17
17
37
14
28
25
16
15
18
12
17
34
19
13
34
19
18
12
31
17
22
25
19
15
18
16
12
15
15
15
14
20
17
12
36
18
14
17
21
20
16
12
19
21
11
31
23
29
17
18
25
17
25
18
21
14
15
18
16
14
24
36
21
17
17
15
16
17
30
30
15
11
28
25
13
24
22
18
18
13
16
16
20
15
13
29
27
30
17
13
25
14
16
17
15
11
16
13
17
34
10
28
30
13
28
10
24
19
28
19
14
15
21
15
11
17
13
17
12
14
13
18
22
16
15
10
16
24
30
20
22
17
13
17
16
14
30
11
13
16
18
13
16
44
14
13
21
20
13
10
26
21
12
37
21
13
43
14
18
36
30
13
26
43
30
11
21
21
27
21
13
29
17
22
18
14
25
20
24
29
33
10
14
34
15
13
13
43
14
29
23
10
23
21
30
36
24
14
27
13
13
19
42
27
12
26
17
10
21
19
14
35
16
13
18
39
25
29
18
10
21
21
14
15
32
14
13
12
20
16
15
15
15
14
13
15
15
17
12
15
15
33
18
12
12
10
11
18
18
14
15
17
18
18
14
15
12
14
12
15
18
24
15
14
18
15
26
18
23
15
21
31
18
19
16
10
26
15
23
15
24
15
15
16
22
14
12
22
19
15
21
18
22
15
16
28
24
14
17
14
27
26
21
14
17
14
22
15
16
21
22
16
30
18
30
28
17
22
20
15
12
18
23
14
20
27
14
16
21
14
14
15
24
13
21
20
22
22
30
15
30
18
27
22
19
16
14
26
23
23
20
17
25
20
19
21
19
15
17
16
20
17
27
17
24
21
14
16
17
28
28
22
15
21
18
16
19
27
17
16
22
14
21
17
16
20
17
20
17
15
14
17
27
29
14
15
14
23
24
22
18
21
14
17
24
17
14
21
18
21
16
17
24
16
15
22
20
16
17
18
18
16
16
16
19
18
17
18
18
15
16
17
18
20
16
17
18
15
15
17
15
15
20
16
18
15
18
17
15
15
16
16
15
20
17
17
18
15
16
15
18
19
17
17
18
16
18
20
18
17
17
15
15
16
15
16
16
18
16
17
17
12
17
17
35
22
19
29
12
12
17
20
11
21
37
27
21
12
22
17
21
22
26
11
26
21
11
25
28
17
35
19
28
11
18
21
12
28
17
21
26
17
31
17
22
19
12
35
25
21
17
20
11
23
15
32
19
23
20
23
16
20
17
19
17
21
12
18
13
25
18
23
19
18
19
20
13
18
12
25
12
13
12
18
23
18
17
18
18
18
22
18
12
22
18
23
23
16
16
22
13
18
18
18
17
23
16
12
13
21
16
11
18
23
13
16
16
25
13
18
12
18
11
23
22
18
12
18
25
20
20
18
16
18
23
18
16
13
18
18
14
19
11
19
13
16
18
12
16
23
23
18
18
12
21
20
12
21
23
21
22
16
16
16
23
18
18
20
12
22
20
12
22
16
17
19
11
20
19
16
21
17
17
21
13
22
16
21
17
12
19
22
16
18926
