56
55
56
57
59
60
68
69
63
63
55
54
61
61
68
68
71
72
57
56
59
59
70
71
62
61
56
57
62
61
67
68
72
71
55
56
60
61
69
70
63
64
56
55
62
61
53
54
71
70
72
72
56
56
58
59
58
58
57
58
69
70
59
59
64
64
58
59
61
61
68
67
68
69
57
57
60
60
66
67
58
59
59
59
59
58
68
68
68
70
59
59
59
57
66
65
60
60
61
60
68
68
56
56
54
54
66
66
55
54
54
54
59
59
54
53
57
58
66
65
71
72
49
50
59
60
56
55
59
59
62
63
65
65
70
71
70
70
55
55
64
63
58
58
55
56
60
59
64
64
69
71
71
70
59
59
66
65
58
59
55
54
63
63
63
64
69
70
69
70
55
54
66
65
66
67
68
67
54
54
65
65
62
63
59
59
68
69
76
77
55
54
59
60
59
60
57
58
64
64
66
67
57
57
55
55
60
61
56
56
61
61
60
59
65
66
66
67
60
60
53
52
61
60
57
56
61
61
67
67
65
65
59
59
64
64
62
62
57
56
59
59
59
58
67
68
64
63
58
59
63
64
61
62
61
60
