67
67
42
42
44
44
71
71
43
43
46
46
71
71
40
40
44
44
40
40
43
43
45
45
68
68
74
74
51
51
40
40
43
43
52
52
68
68
47
47
53
53
41
41
43
43
54
54
55
55
43
43
80
80
53
53
54
54
52
52
44
44
47
47
47
47
45
45
47
47
40
40
45
45
43
43
43
43
42
42
55
55
52
52
55
55
40
40
46
46
52
52
53
53
32
32
50
50
45
45
72
72
54
54
46
46
47
47
47
47
50
50
53
53
45
45
40
39
43
43
66
66
41
41
43
43
43
43
47
47
65
65
52
52
47
47
39
39
47
47
41
41
42
42
31
31
41
41
40
40
50
49
44
44
33
33
40
39
43
43
42
42
41
41
74
74
46
46
41
41
47
47
41
40
38
38
43
43
44
44
45
45
47
47
40
39
42
42
38
38
51
50
46
46
43
43
41
41
42
42
42
42
54
54
41
41
46
46
45
45
45
45
41
41
44
44
52
52
50
49
66
66
44
44
40
40
54
54
44
44
48
47
38
38
47
47
46
46
45
45
55
55
55
55
44
44
67
67
45
45
71
71
44
44
46
46
48
48
48
47
43
43
70
70
55
55
46
46
48
47
39
39
41
41
70
70
60
61
43
43
72
72
66
66
41
41
42
42
65
65
41
41
64
64
68
68
34
34
49
49
14563
