64
64
46
46
51
51
34
34
71
71
47
47
42
42
41
41
48
48
70
70
51
51
43
43
33
33
44
44
71
71
51
51
43
43
53
53
43
43
47
47
46
46
40
40
52
52
47
47
47
47
42
42
48
48
43
43
44
44
52
52
53
52
80
79
43
43
53
53
44
44
55
55
44
44
68
68
52
51
55
55
53
53
43
43
70
70
43
43
39
39
40
39
52
52
41
41
66
66
42
42
38
38
46
46
69
69
41
41
32
32
47
47
40
40
71
71
41
41
53
53
64
64
41
41
43
43
42
42
66
66
68
68
39
39
52
52
41
41
67
67
43
43
53
53
44
44
38
38
41
41
41
41
40
40
40
40
31
31
48
47
46
46
57
57
79
78
45
45
46
47
49
48
52
52
55
55
42
42
42
42
70
70
73
72
44
44
48
48
39
39
43
43
52
52
58
58
39
39
42
42
45
45
42
42
47
47
43
43
70
70
41
41
46
46
40
40
42
42
47
47
46
46
44
44
44
44
47
47
56
56
48
48
69
69
45
45
45
45
42
42
56
56
51
51
44
44
40
40
44
44
44
44
47
47
43
43
45
45
42
42
50
50
74
74
45
45
46
46
40
40
43
43
41
41
43
43
53
53
45
45
44
44
46
46
42
42
48
48
52
51
38
38
49
48
68
68
38
38
47
47
14567
