66
67
70
70
43
44
41
41
41
41
45
45
41
41
41
41
42
42
45
45
53
52
45
45
53
53
40
40
41
41
55
55
52
52
51
51
43
43
70
70
43
43
35
35
46
46
42
42
46
46
41
41
41
41
50
49
44
44
40
40
43
43
43
43
40
40
55
55
44
44
43
43
44
44
44
44
65
65
53
53
54
54
73
73
51
51
41
40
70
70
72
71
42
42
33
33
44
44
43
43
53
53
48
48
41
41
69
69
45
45
68
68
40
40
54
54
68
68
44
44
53
53
42
42
46
46
76
75
47
47
46
46
46
46
44
44
47
47
40
40
39
39
42
42
41
41
40
40
52
52
68
68
45
45
76
76
71
71
46
46
41
41
43
43
48
48
52
52
67
67
38
38
42
42
40
39
43
43
66
66
42
42
39
39
33
33
41
41
40
40
72
72
46
46
41
41
42
42
43
43
38
38
43
43
45
45
44
44
45
45
48
47
41
40
42
42
31
31
44
44
48
47
47
47
43
43
71
71
45
45
67
67
68
69
47
47
41
41
46
46
43
43
43
43
45
45
42
42
43
43
46
46
46
46
46
46
48
48
53
53
46
46
44
44
44
44
47
47
57
57
46
46
54
54
48
47
56
56
72
72
45
45
54
54
49
49
46
46
53
53
53
53
56
56
58
58
53
52
51
51
