118
118
41
41
40
40
41
41
39
39
123
123
32
32
40
40
40
40
46
46
45
45
45
45
46
47
45
45
103
103
39
39
39
39
40
40
111
111
38
38
40
40
46
46
44
44
41
41
45
45
40
40
40
40
45
45
45
45
32
32
50
50
45
45
41
41
52
52
87
87
107
107
53
53
41
41
46
46
77
76
45
45
55
55
38
38
50
50
53
53
52
52
104
104
44
44
40
40
39
38
38
37
44
44
38
38
39
39
42
42
77
77
31
31
51
50
123
123
47
47
39
39
53
53
54
54
41
41
39
39
47
47
55
55
45
45
39
39
44
44
113
113
47
47
52
52
46
46
41
41
40
40
48
47
40
40
42
42
40
40
40
40
41
41
40
40
39
39
124
124
39
39
114
114
41
41
37
37
51
51
41
41
54
54
42
42
42
41
45
45
47
47
46
46
41
41
50
50
39
39
95
95
43
43
51
51
60
60
53
52
50
50
42
42
41
41
46
46
42
41
40
40
47
47
45
45
47
47
41
41
46
46
41
41
46
46
60
60
127
127
45
45
49
49
45
45
40
39
52
52
46
46
49
49
55
55
43
43
52
52
113
113
117
117
41
41
42
42
45
45
47
47
40
40
110
110
110
110
43
43
91
91
49
49
40
40
50
50
41
41
40
40
39
39
100
100
32
32
39
39
