66
66
53
53
39
39
48
48
47
47
40
40
53
53
47
47
53
53
45
45
48
48
41
41
32
32
46
46
56
56
39
39
45
45
52
52
51
51
55
55
41
41
39
39
41
41
52
52
43
43
47
47
46
46
51
51
53
53
43
43
39
39
46
46
45
45
46
46
40
39
44
44
67
67
34
33
43
43
49
49
56
56
65
65
52
52
41
41
41
41
42
42
48
48
56
56
68
68
44
44
72
72
41
41
45
45
39
39
43
43
46
46
47
47
53
52
49
48
53
53
71
71
45
45
47
47
47
47
70
70
47
47
50
50
41
41
46
46
44
44
45
45
43
44
43
43
68
68
50
50
49
48
41
41
43
43
46
46
38
38
44
44
41
41
49
49
46
46
47
47
53
53
44
44
41
41
70
70
47
47
43
43
53
53
43
43
43
43
41
41
31
31
68
68
45
45
53
53
42
42
46
46
57
57
58
58
48
48
66
67
43
43
39
39
46
46
70
70
41
41
43
43
47
47
66
66
53
52
39
39
42
41
41
41
71
71
42
42
45
45
43
43
50
50
66
66
43
43
42
42
43
43
36
36
47
47
79
78
42
42
67
67
44
44
40
40
46
46
68
68
42
42
44
44
81
81
67
68
43
44
42
42
50
50
44
44
43
43
43
43
45
45
44
44
42
42
44
44
71
71
