67
67
69
69
47
47
40
40
66
66
43
43
45
45
44
44
53
53
42
42
46
46
43
43
41
41
38
38
45
45
71
71
42
42
43
43
43
43
46
46
53
53
52
52
45
45
47
47
51
51
46
46
43
44
49
48
51
51
67
67
47
47
43
43
35
35
66
66
44
44
39
39
47
47
67
67
69
69
41
41
55
55
40
39
52
52
44
44
40
39
53
53
51
51
46
46
41
41
50
50
52
52
45
45
46
46
52
52
52
52
70
70
46
46
44
44
47
47
78
77
40
40
47
47
73
72
44
44
54
54
40
40
43
43
33
33
51
51
56
56
56
56
45
45
43
43
48
47
38
38
44
44
70
70
40
40
43
43
58
58
43
43
66
67
47
47
45
45
44
44
46
46
73
73
43
43
39
39
44
44
46
46
44
44
43
44
43
43
47
47
39
39
43
43
44
44
43
43
41
41
49
49
74
74
50
50
47
47
44
44
42
42
46
46
54
54
46
46
42
42
67
67
42
41
42
41
53
52
45
45
48
48
48
48
41
41
40
40
31
31
32
32
46
46
48
47
52
51
43
43
41
41
40
40
43
43
44
44
49
48
76
75
65
65
40
40
58
58
52
52
45
45
41
41
68
68
42
42
41
41
40
39
55
55
70
70
42
42
41
41
42
42
67
67
41
41
54
54
54
54
14573
