66
66
46
46
47
47
47
47
41
41
53
52
46
46
53
52
44
44
51
51
43
43
52
52
54
53
54
54
54
54
44
44
41
40
44
44
45
45
43
43
69
69
46
46
52
51
41
41
69
69
42
41
47
47
41
40
44
44
44
44
51
50
46
46
56
56
50
50
66
66
42
42
45
45
47
47
56
56
48
48
55
55
40
40
79
79
73
73
48
48
67
67
47
47
45
45
42
42
47
47
41
41
46
46
46
46
48
48
55
55
67
68
45
45
56
56
41
41
66
66
56
56
42
42
71
71
50
50
41
41
43
43
67
67
42
42
73
73
73
73
52
52
41
41
42
42
45
45
44
44
42
41
43
44
38
38
56
56
56
56
42
42
39
39
40
40
69
69
69
69
38
38
40
40
33
33
40
39
47
47
46
46
49
48
44
44
48
48
41
41
52
52
41
41
43
43
42
42
47
47
47
47
40
39
38
38
43
43
73
73
53
53
68
68
51
50
44
44
49
49
39
38
46
46
51
51
47
47
39
39
43
44
44
44
45
45
32
32
43
43
30
30
49
48
42
42
70
70
39
39
66
66
46
46
48
48
41
41
43
43
70
70
48
48
71
71
43
43
44
44
43
43
42
42
43
43
43
43
36
36
44
44
44
44
44
44
43
43
47
47
43
43
43
43
54
54
54
54
54
54
