94
217
332
89
93
219
219
90
106
152
105
99
160
106
106
100
54
216
53
95
53
205
94
109
113
79
95
79
92
218
195
113
53
148
159
54
55
219
54
221
113
221
77
99
98
109
78
220
211
67
160
67
217
217
68
165
83
86
74
217
83
88
172
74
85
85
183
213
217
96
173
96
102
110
101
78
95
111
77
199
222
110
110
108
61
108
61
60
80
92
324
80
217
94
79
81
92
95
111
81
93
81
92
217
86
78
107
208
86
77
209
215
109
101
71
71
151
101
71
110
63
218
202
109
217
109
61
63
92
107
217
90
98
170
171
99
96
95
324
215
375
146
99
100
111
214
70
101
111
101
165
70
94
219
159
94
215
327
96
94
215
218
213
90
202
90
217
110
108
109
208
107
220
110
215
221
218
109
110
204
220
112
206
111
65
213
120
218
65
65
159
117
77
111
111
204
104
78
174
105
53
54
217
56
214
203
219
219
215
92
216
215
166
219
213
93
89
172
213
61
216
61
92
61
111
168
100
89
218
114
100
89
105
110
167
216
91
92
217
108
206
425
86
85
218
215
84
87
78
85
77
78
94
212
93
87
195
217
187
103
106
104
110
208
61
107
217
61
213
115
221
164
105
61
89
212
89
89
105
89
76
212
77
105
106
108
220
105
73
98
81
81
110
73
100
106
50
217
214
50
105
51
107
49
217
210
219
212
106
214
110
188
80
217
80
109
214
111
105
111
93
221
95
214
87
213
217
89
107
105
92
110
220
91
213
219
101
96
212
60
110
220
108
218
206
100
107
219
95
166
59
107
75
75
71
217
70
76
70
212
156
214
212
81
325
105
217
83
212
70
210
103
70
69
216
102
210
218
178
109
109
215
150
109
216
65
174
85
66
85
65
209
84
173
218
211
87
216
417
214
104
104
216
105
213
109
218
107
216
106
107
94
107
87
94
88
110
92
104
210
212
91
106
219
209
220
215
195
210
181
100
99
110
208
110
216
71
148
217
71
209
218
109
87
215
215
88
165
62
106
87
62
87
107
103
62
106
86
209
219
108
209
221
86
216
211
87
218
88
101
102
105
108
209
220
104
193
104
164
215
109
107
106
107
110
219
107
212
103
110
102
219
105
109
104
105
217
113
222
103
81
220
80
212
214
109
213
107
101
105
213
106
