433
438
218
329
217
437
218
197
327
328
328
324
203
438
380
435
545
406
435
328
220
157
327
218
305
329
434
329
435
546
434
220
196
547
331
329
439
146
327
120
435
217
114
181
131
110
281
545
325
436
217
283
325
437
218
219
327
546
231
331
329
437
217
147
432
433
205
439
129
196
435
436
113
329
176
118
96
325
96
434
111
546
115
325
195
329
431
125
218
431
175
432
327
440
331
416
326
288
218
538
434
432
433
328
324
434
326
218
215
126
433
216
84
433
85
84
326
113
121
215
325
327
430
218
215
325
327
539
118
114
328
437
432
324
441
218
119
110
217
655
218
328
324
203
429
218
324
210
218
323
433
434
217
117
216
109
128
179
217
535
328
217
112
112
111
121
324
327
214
328
654
327
548
320
331
321
440
426
110
110
214
189
435
299
214
438
324
312
119
172
540
323
116
324
329
125
323
323
216
328
114
322
216
117
116
109
156
109
108
216
213
108
114
107
216
434
211
436
217
436
124
326
319
216
218
311
219
211
318
324
433
217
322
217
211
331
316
325
325
328
317
218
325
330
94
95
317
96
215
216
417
434
431
207
413
120
