74
50
110
74
61
70
50
58
60
70
58
112
111
58
50
71
87
46
29
56
56
28
29
65
29
29
87
68
45
29
67
65
80
78
107
60
90
46
106
60
76
76
89
47
80
61
77
46
44
77
65
67
45
65
90
44
90
44
79
67
90
79
90
76
63
107
38
62
108
62
84
64
84
107
38
84
62
84
64
38
106
58
38
87
88
112
107
37
75
85
38
74
58
85
38
59
44
88
88
68
59
110
59
44
74
110
44
88
74
68
88
69
59
112
43
110
43
33
43
33
43
33
65
64
86
109
45
59
43
33
107
87
43
51
51
43
51
43
45
65
110
109
64
45
61
53
61
51
63
108
50
85
62
53
61
51
62
109
112
107
43
50
44
85
43
44
43
75
44
75
44
106
66
44
66
111
211
52
60
59
51
60
76
51
52
60
53
91
76
52
52
76
83
77
61
51
51
90
60
72
83
51
52
51
109
61
53
53
34
51
50
61
107
108
59
51
50
58
52
34
107
34
71
34
73
51
50
58
58
91
51
92
50
109
92
91
73
51
59
50
74
35
107
77
107
46
73
35
109
35
35
46
77
46
78
78
111
107
51
56
57
107
50
57
109
50
110
50
101
56
57
56
44
211
60
78
44
45
59
215
53
45
45
44
52
77
52
45
71
73
67
51
113
47
211
88
108
67
50
47
87
72
50
47
26
26
42
48
62
26
42
48
69
42
108
48
63
70
26
108
48
64
79
50
65
107
84
47
74
48
74
65
79
50
65
50
69
71
49
48
50
70
48
48
73
57
50
48
69
56
48
75
59
77
59
51
45
45
45
59
107
52
111
76
108
210
112
53
41
74
64
42
73
108
84
73
54
83
110
73
54
42
64
54
34
74
90
54
34
74
50
209
41
47
45
50
41
54
87
106
45
88
72
72
45
89
47
90
109
47
88
34
84
84
34
42
110
64
38
76
38
86
86
51
64
87
38
76
51
51
88
38
78
92
40
76
107
78
40
50
214
78
41
50
91
75
78
50
66
65
109
61
39
65
108
49
105
49
39
109
66
49
63
40
70
61
74
70
62
55
54
107
56
63
105
55
55
73
58
55
51
92
64
93
66
105
51
65
44
59
45
109
51
57
46
106
90
50
39
39
58
108
39
57
43
58
104
50
89
43
49
43
44
105
57
44
50
56
57
87
57
56
44
57
50
87
112
50
77
113
60
79
59
79
108
79
52
52
106
216
79
77
60
53
39
67
38
39
59
110
39
39
107
38
59
77
66
39
59
77
50
73
74
56
148
50
110
75
72
56
50
50
50
56
97
50
42
108
49
42
69
103
37
69
69
105
42
36
36
69
37
49
53
56
58
57
88
106
60
108
60
108
60
88
59
52
59
53
108
90
72
53
91
73
77
59
53
78
104
102
53
73
59
53
29
29
62
29
51
107
88
62
66
70
86
61
87
109
51
88
103
107
67
29
108
51
66
70
62
66
51
29
51
51
51
52
75
71
75
43
69
58
70
85
88
87
43
106
69
87
52
112
74
74
76
113
76
57
70
77
103
43
51
87
52
74
58
85
57
57
73
67
61
48
108
67
72
61
104
107
48
48
68
57
111
47
41
55
58
57
57
41
88
67
61
105
106
41
104
33
48
56
33
33
106
48
66
61
67
86
106
33
104
88
108
38
86
60
60
26
26
57
26
110
38
108
38
26
56
104
105
57
49
49
48
75
61
48
105
88
48
104
106
87
90
75
62
49
91
41
104
90
107
108
38
38
211
103
41
38
38
91
41
90
72
106
37
71
71
56
105
107
38
107
107
37
70
37
109
56
55
61
55
76
45
59
59
44
44
75
44
61
108
61
103
59
77
61
77
38
60
68
38
65
111
108
61
67
105
64
38
38
41
74
51
41
41
104
79
59
60
76
107
102
78
67
35
213
107
34
51
59
35
106
66
41
52
41
52
42
52
203
35
108
45
90
104
91
60
108
61
110
89
108
108
45
45
61
46
89
58
105
101
78
58
103
41
60
77
79
59
104
41
60
77
41
90
106
61
61
59
106
47
86
47
91
109
60
86
60
102
61
25
45
51
25
106
51
52
24
25
44
110
62
201
45
61
26
54
65
69
52
89
100
89
69
51
108
52
105
53
54
65
52
75
58
60
76
109
74
104
107
64
100
64
57
60
58
59
75
61
34
77
198
76
60
92
90
34
35
77
76
60
92
89
34
37
56
37
37
49
51
50
56
112
66
99
63
38
64
66
56
98
84
88
56
109
89
88
57
48
48
84
88
84
48
84
57
70
98
43
44
71
106
43
109
107
43
43
43
93
43
44
72
70296
