280
296
667
368
819
549
210
219
873
597
657
842
658
547
413
874
437
719
658
520
390
436
422
340
751
874
439
657
408
872
530
873
638
657
328
817
751
548
637
745
875
655
871
767
544
523
656
654
428
501
985
756
529
526
507
873
869
433
765
873
325
275
612
374
789
655
756
401
767
872
983
546
436
657
873
765
435
655
381
290
873
227
762
507
518
655
764
875
476
763
654
650
641
762
498
502
764
652
543
984
289
325
325
875
219
251
650
867
656
542
762
864
654
650
542
546
652
648
648
763
219
221
972
765
656
322
435
536
