39
44
22
39
22
27
65
32
32
44
27
22
22
26
39
38
21
32
37
37
27
22
21
21
32
22
44
65
22
39
27
21
25
75
26
31
21
26
24
21
37
24
25
24
37
21
24
24
52
26
74
26
31
36
32
36
21
52
25
25
25
31
25
21
18
18
18
25
31
23
23
32
32
32
31
32
25
38
39
25
25
56
18
32
23
23
25
39
18
32
25
39
108
32
23
56
28
22
33
28
33
47
11
11
33
44
51
110
23
11
11
11
51
47
46
23
44
33
11
11
23
11
51
46
29
11
44
22
20
28
27
32
27
33
20
65
26
52
26
21
32
26
27
65
64
28
28
26
64
27
28
20
51
32
20
64
51
26
64
26
18
50
26
48
18
18
21
50
21
51
28
21
50
22
28
48
21
21
26
53
22
18
18
48
18
22
18
18
50
54
50
21
49
40
23
34
31
41
31
40
44
44
23
34
31
40
65
40
44
49
19
20
23
20
31
60
65
19
48
64
23
27
31
64
39
27
24
27
34
38
24
31
65
23
39
20
27
48
33
20
20
59
38
19
19
21
21
21
23
23
41
25
64
21
29
27
29
20
21
24
44
20
26
74
23
24
41
50
21
20
20
17
38
23
29
26
22
51
29
21
44
20
37
26
20
49
26
37
37
21
21
17
17
44
17
26
49
24
74
21
23
20
51
21
29
23
25
30
16
21
29
20
37
44
20
20
24
29
24
29
43
18
19
64
43
21
65
19
19
19
64
34
52
52
19
22
22
38
66
43
34
38
38
19
22
34
21
38
19
21
52
34
35
45
30
34
44
45
26
28
35
34
29
35
30
26
30
30
30
34
26
26
28
29
34
34
28
35
28
30
28
45
44
45
34
28
22
35
29
22
43
22
23
23
28
23
34
46
42
22
23
28
45
23
34
46
43
21
23
45
23
46
22
28
22
46
15
38
43
23
15
43
15
39
50
39
24
63
15
24
50
39
15
63
39
38
39
14
14
39
15
63
14
50
50
43
24
50
24
17
27
20
63
23
59
20
24
20
30
62
104
30
86
36
23
34
24
20
30
61
17
20
24
17
39
60
38
17
36
20
39
36
24
63
27
30
31
36
20
32
35
32
20
35
30
32
20
25
24
30
25
19
30
27
25
34
63
60
16
19
32
30
24
39
17
20
39
27
20
31
35
36
38
24
32
25
40
35
25
60
39
36
25
31
34
64
32
32
39
38
39
31
30
25
17
44
44
17
30
67
30
17
79
33
30
30
33
22
31
22
22
30
22
30
22
30
17
33
33
66
31
16
30
44
78
16
34
34
38
45
25
25
32
27
25
34
38
46
24
25
33
27
25
39
41
15
46
20
24
15
25
15
33
28
24
15
25
15
34
38
33
28
24
31
45
33
25
21
40
25
35
33
33
32
27
24
19
41
32
25
31
21
41
33
95
47
40
48
20
39
32
20
95
20
34
28
74
34
15
48
20
73
20
40
15
28
23
20
27
15
33
24
81
24
39
47
34
28
39
32
81
38
52
20
64
23
28
65
19
44
38
39
26
20
19
29
23
44
26
59
20
20
30
25
28
44
23
39
20
25
52
38
30
44
26
20
23
28
26
25
53
19
43
22
29
20
19
39
29
65
26
38
59
29
29
25
22
26
75
16
44
31
25
15
43
15
20
29
31
32
20
32
28
30
16
24
24
24
16
31
16
62
31
15
31
32
30
62
24
62
49
49
24
30
32
74
30
49
31
16
38
43
37
16
47
38
31
16
16
32
44
44
38
38
16
38
31
31
47
44
31
32
16
31
47
43
37
31
47
43
31
50
25
48
28
25
28
49
50
29
29
31
48
25
48
28
28
29
29
28
29
36
28
29
28
25
29
29
31
29
48
25
48
29
29
48
36
29
28
29
28
31
28
53
28
29
47
36
25
31
29
29
30
31
28
25
29
47
53
29
25
29
35
25
49
42
23
24
30
49
24
23
42
24
31
30
28
28
49
49
30
31
49
30
23
49
28
23
23
27
29
40
23
27
31
30
43
25
31
29
24
29
28
30
26
27
29
30
29
25
29
25
29
88
30
29
25
29
40
63
40
27
30
23
63
25
28
29
22
20
55
53
39
45
19
21
19
22
39
25
22
30
53
34
45
36
19
15
30
15
15
20
55
34
53
37
21
30
39
15
19
25
52
35
39
35
29
40
52
25
44
15
54
39
29
39
15
21
52
15
29
40
30
35
37
15
37
25
34
34
40
39
21
34
41
17
54
14
21
14
37
18
14
14
38
14
21
37
41
40
34
34
69
53
18
14
37
38
27
14
61
40
54
14
40
54
27
52
17
14
34
37
41
36
34
14
27
14
17
14
41
14
15
110
61
37
21
70
21
37
39
52
17
40
14
41
20
24
50
20
24
28
50
20
30
45
75
42
20
30
24
45
28
75
50
42
20
30
24
45
27
42
20
30
24
45
27
23
23
23
17
37
29
21
75
21
21
17
17
23
20
37
36
17
29
21
75
29
23
29
20
23
17
23
99
29
36
99
17
21
23
24
20
25
24
31
37
24
29
37
29
24
25
20
26
21
107
25
25
29
29
37
37
31
25
20
25
29
30
31
20
25
28
28
23
26
38
23
52
26
52
58
13
52
18
22
38
27
23
21
41
13
26
22
38
26
18
27
13
25
39
26
26
27
25
30
13
44
52
26
28
39
28
41
52
23
69
26
26
43
22
14
63
23
45
26
26
45
58
18
58
26
27
25
69
18
18
52
23
43
38
26
43
26
59
14
25
44
21
44
22
30
21
27
62
28
23
26
18
40
45
21
30
63
40
25
30
26
109
23
25
23
31
14
14
31
14
25
83
14
31
23
14
27
27
58
25
14
31
82
23
27
27
59
25
23
14
31
23
26
21
26
38
36
21
20
30
21
42
30
31
21
42
30
37
31
36
20
20
76
25
35
31
37
37
30
31
42
76
36
25
25
33
45
33
36
22
39
40
21
40
33
36
24
22
37
39
32
39
24
25
24
44
22
33
38
32
97
39
25
22
39
39
37
39
45
25
24
22
25
45
39
32
39
45
39
39
36
22
39
22
39
39
39
22
38
39
39
25
39
23
44
32
39
37
23
28
40
17
53
36
40
35
52
28
22
60
36
19
22
21
19
17
28
48
18
28
60
53
17
51
48
17
28
18
52
17
19
25
25
79
20
21
19
36
20
36
19
17
20
60
19
21
19
35
22
44
48
22
53
34
22
25
48
44
79
21
19
25
22
54
27
27
20
32
54
31
20
20
52
27
20
31
24
54
54
54
20
27
24
20
28
32
52
23
31
26
53
24
27
50
23
34
33
27
48
27
14
14
26
36
14
24
14
26
36
24
24
14
76
48
34
27
35
23
13
13
75
27
13
26
48
24
13
32
21
22
94
30
32
21
23
31
32
21
23
30
36
30
31
36
21
94
31
60
21
36
60
30
30
60
23
71
32
31
26
32
21
22
17
32
26
42
27
17
42
33
33
34
30
30
32
25
26
15
42
15
33
32
24
74
17
24
32
35
17
35
17
24
26
30
30
53
34
16
16
54
34
36
54
16
74
33
33
25
18
30
70
24
30
16
24
102
24
16
15
35
25
15
30
36
24
35
24
35
12
36
12
35
12
37
63
36
21
12
12
61
36
35
36
24
31
11
24
12
24
20
63
63
61
21
35
61
36
24
61
38
31
35
36
25
35
19
19
11
24
21
36
61
35
36
24
37
30
35
24
19
19
21
36
37
30
24
19
35
41
22
28
28
40
35
44
29
28
44
35
22
26
29
34
44
22
76
35
41
25
44
76
22
35
25
34
26
34
28
34
74
41
41
20
20
74
30
19
20
31
19
30
29
20
20
20
75
29
19
20
20
31
29
20
19
42
20
30
75
29
20
19
27
27
43
31
27
26
16
27
27
107
26
16
28
16
28
31
16
44
80
16
16
43
31
27
31
16
27
80
26
27
31
26
38
30
30
26
38
26
26
30
29
31
43
33
45
46
21
22
23
30
26
25
23
31
33
31
37
50
23
43
26
22
38
30
48
47
37
50
26
30
33
26
21
31
37
23
21
47
43
23
106
30
22
30
22
49
47
21
22
22
47
25
33
21
26
21
30
30
18
17
34
38
17
29
30
30
17
18
17
38
18
35
30
35
17
18
38
62
17
34
30
62
17
34
34
18
29
34
18
27
18
41
27
37
16
36
18
36
16
36
16
37
18
36
18
40
61
41
41
27
27
41
15
18
60
36
41
36
16
16
15
34
15
23
39
26
23
26
15
33
32
32
40
26
33
15
32
32
23
104
32
15
33
25
25
23
15
40
32
23
39
33
30
15
30
15
15
30
15
15
28
15
28
15
15
27
15
15
78
31
30
15
15
75
30
14
104
15
28
78
78
30
27
14
35
20
29
30
30
35
17
30
43
24
17
17
20
24
36
17
24
24
43
24
100
24
42
24
35
42
17
19
24
22
19
17
25
20
25
17
100
16
17
40
17
17
39
20
16
16
40
44
25
25
40
20
40
16
45
20
20
16
20
17
40
17
25
17
40
20
65
19
16
19
49
19
19
20
16
20
29
29
16
40
29
40
19
40
16
16
16
48
19
29
16
20
99
19
20
65
