37
37
42
43
40
41
46
46
43
43
40
39
44
44
45
44
47
48
41
40
41
41
46
47
42
42
41
42
44
45
43
44
46
46
41
41
40
41
45
46
43
44
40
40
44
43
37
37
45
45
46
46
41
41
40
40
44
43
42
42
46
46
42
42
44
43
39
40
44
45
42
42
44
45
40
41
41
41
45
46
42
42
40
40
45
44
41
42
44
44
40
40
41
39
45
44
41
41
41
41
44
43
39
39
39
39
46
47
39
38
38
37
42
42
37
36
43
43
40
40
43
44
35
35
40
40
38
37
40
40
45
46
44
45
48
48
39
39
41
40
46
46
41
41
42
44
46
45
43
43
49
50
53
52
41
42
46
46
42
42
42
42
45
46
45
45
49
50
39
40
41
41
46
45
39
39
42
42
42
42
47
47
44
44
44
43
38
39
47
47
40
40
41
41
44
45
45
46
41
41
44
45
40
40
39
39
43
43
41
41
41
41
45
44
44
44
45
46
40
40
39
38
43
43
41
41
45
45
41
41
43
43
40
40
41
42
43
42
42
42
41
41
45
44
42
42
43
42
40
40
41
41
43
44
44
43
10872
