114
115
120
120
114
113
118
119
115
115
120
119
117
116
118
117
113
114
122
121
113
113
115
116
116
114
115
115
111
110
119
121
113
111
112
113
118
118
115
115
117
117
117
116
115
115
114
113
112
110
119
119
113
113
121
121
115
114
120
121
115
116
113
113
112
112
113
113
113
112
112
113
116
116
116
114
112
112
116
115
111
112
114
113
115
115
114
114
115
114
114
114
114
113
114
116
113
111
109
110
113
112
108
109
116
117
115
114
113
113
115
114
114
112
112
112
112
112
115
115
113
113
112
112
115
116
112
112
