32
34
35
34
35
35
33
33
33
32
32
34
33
34
34
34
32
35
35
34
34
34
32
34
32
33
34
33
30
33
33
50
34
49
47
52
50
32
51
51
44
47
51
50
48
51
50
52
53
52
48
50
43
49
51
51
47
51
47
51
52
50
44
47
50
49
51
48
52
51
48
51
52
52
49
49
51
46
51
53
47
52
49
53
50
40
48
52
35
47
45
51
50
43
42
47
45
33
50
49
50
52
47
49
46
34
33
46
50
48
51
50
33
47
34
48
44
47
50
34
50
44
50
52
52
44
49
44
49
51
48
51
47
33
51
51
47
51
50
47
34
50
45
47
47
51
33
48
52
49
32
48
53
51
53
47
51
50
47
50
35
52
53
43
34
50
52
43
42
52
51
52
32
52
43
51
52
31
48
52
43
51
53
30
47
51
43
47
52
52
44
47
52
47
49
53
47
54
31
52
43
52
46
52
44
42
33
47
43
50
46
52
44
52
43
52
43
47
50
48
31
46
46
52
48
44
42
51
41
52
52
50
51
44
48
29
41
48
50
48
43
45
45
34
52
51
47
47
46
47
42
49
31
42
50
49
46
41
33
52
32
50
50
43
44
49
28
34
31
47
51
54
48
50
42
52
48
32
33
42
45
49
42
41
45
30
33
49
42
46
33
42
47
41
47
52
43
35
29
48
43
31
31
49
32
32
41
49
47
49
44
43
31
33
52
46
42
52
35
44
29
45
43
52
34
31
33
48
47
48
34
49
42
52
34
52
30
52
49
33
51
45
43
31
34
30
31
47
51
42
50
53
42
33
46
33
42
32
52
52
48
43
49
44
50
30
48
34
42
32
51
48
34
52
52
46
42
47
44
47
28
42
33
51
49
51
49
42
51
31
48
43
41
53
48
50
51
52
43
30
50
31
50
42
53
43
43
50
41
51
36
48
53
48
45
28
47
47
30
51
30
47
44
47
53
45
49
29
48
42
31
51
36
51
33
43
50
51
42
47
29
33
50
48
47
46
52
50
51
28
28
51
30
49
50
46
51
54
50
50
52
51
36
52
49
49
46
47
33
47
44
27
47
51
45
36
50
48
47
52
51
41
41
31
54
42
51
36
51
52
53
52
49
49
47
30
30
53
52
30
49
47
35
51
50
49
31
28
51
42
47
29
49
48
50
49
32
44
48
52
34
30
50
35
53
47
52
52
32
48
43
53
46
41
51
51
42
31
51
42
53
50
50
44
28
52
44
43
43
30
49
52
46
34
50
48
49
34
51
33
52
51
53
44
51
34
51
43
31
42
51
33
30
50
42
43
44
44
49
34
49
45
51
32
30
41
29
43
34
31
51
45
51
48
34
33
33
46
49
49
54
44
52
49
42
31
53
42
33
50
28
47
50
43
33
42
42
48
51
34
28
48
49
44
42
51
49
33
48
42
33
50
49
33
49
43
30
44
48
46
33
49
50
30
33
49
45
33
30
49
48
51
50
33
47
49
49
41
30
32
52
47
43
50
46
29
28
48
47
44
42
30
44
52
35
30
48
52
54
31
47
32
52
48
30
50
32
51
53
48
44
33
47
53
29
51
32
52
30
48
45
42
42
34
52
45
51
51
47
31
51
45
33
33
47
48
34
27
50
50
52
31
43
36
31
47
47
44
44
31
49
33
35
51
29
51
29
51
51
45
49
31
46
33
31
51
34
51
31
49
47
47
33
44
52
49
51
44
47
43
31
35
45
32
52
42
30
48
46
52
42
31
35
42
33
53
30
50
50
32
45
31
43
43
33
44
31
31
49
30
52
51
52
46
32
48
50
51
48
46
32
44
35
49
52
29
48
44
50
33
35
42
51
48
51
51
51
32
44
32
40
31
35
43
31
53
51
28
52
52
32
42
42
30
50
50
29
51
34
31
42
50
31
52
35
51
49
35
48
50
29
50
43
31
31
35
41
47
51
34
52
51
32
52
30
32
42
32
51
34
32
50
31
33
44
46
33
42
52
51
29
33
50
33
42
33
33
43
33
48
29
46
29
51
30
34
48
45
51
31
53
31
42
30
51
32
50
29
33
32
42
32
51
52
53
52
31
29
50
34
35
32
30
34
44
33
49
52
49
32
35
33
35
51
30
50
50
33
35
30
44
29
52
50
31
35
41
30
34
30
50
31
31
50
33
33
30
35
43
30
53
30
52
32
30
47
50
49
32
30
40
32
52
48
33
42
51
32
43
49
31
31
29
54
44
49
34
32
53
47
31
50
30
43
32
49
32
30
50
49
30
50
32
52
32
51
50
30
32
29
51
49
50
30
46
46
48
32
50
49
49
45
47
46
44075
