73
76
76
75
75
74
74
77
76
76
75
75
75
75
74
76
56
73
76
75
75
74
75
75
75
76
75
76
76
54
74
74
52
75
52
77
75
76
52
76
76
75
76
52
75
52
74
52
75
75
53
76
75
75
74
56
53
75
75
76
55
55
75
75
54
52
75
54
54
56
74
55
75
74
74
55
76
75
76
76
76
54
56
76
74
75
76
76
55
55
75
53
52
56
52
76
76
76
56
75
76
76
74
55
76
74
75
75
52
56
55
55
54
56
75
74
74
74
75
52
74
75
75
75
75
75
56
74
74
75
74
76
75
75
76
75
75
75
74
74
76
76
76
75
75
77
76
75
76
75
76
75
75
75
56
76
76
75
55
77
74
76
53
75
75
76
76
75
74
76
76
55
75
56
55
76
75
56
75
74
55
54
75
76
75
74
55
55
76
75
55
75
56
75
56
77
76
55
76
53
75
53
76
52
54
55
54
76
55
52
54
75
56
76
56
55
56
54
54
75
56
55
73
56
52
53
75
56
53
56
75
55
55
56
54
55
54
73
54
56
56
56
77
55
55
75
75
55
56
74
75
52
54
54
55
54
76
55
74
55
56
56
76
76
76
75
56
76
73
55
75
75
55
75
76
74
76
54
75
74
76
75
55
76
75
55
76
74
76
75
74
56
76
76
76
76
75
54
76
55
55
54
75
55
77
76
74
52
75
75
55
75
51
55
76
75
56
75
76
77
76
76
56
55
74
55
55
53
55
75
54
54
76
76
74
74
75
55
55
77
54
77
74
74
76
75
75
55
76
54
75
76
75
75
75
54
54
54
75
55
74
75
75
77
76
55
74
54
56
76
55
75
75
75
75
54
52
75
54
75
52
76
73
76
52
54
55
75
75
75
76
75
75
75
76
55
75
75
75
75
76
55
55
55
75
55
76
52
53
75
54
74
56
74
54
54
74
76
75
75
56
52
55
75
74
75
76
55
54
76
55
55
55
55
75
54
75
73
54
75
56
75
76
55
55
77
76
54
77
54
75
55
77
75
56
55
75
75
73
75
76
75
54
75
75
55
77
55
56
75
74
55
54
56
75
74
74
56
74
74
55
55
76
76
53
77
56
74
74
74
52
76
56
75
76
74
75
74
76
75
76
75
56
76
76
76
75
75
74
56
56
56
81
81
82
81
83
81
81
81
79
81
81
80
82
83
79
82
81
84
81
81
81
81
82
81
81
80
82
81
84
81
81
81
80
80
82
81
85
81
81
82
82
82
81
83
86
80
81
80
80
82
80
81
86
80
81
81
80
81
82
81
82
80
82
83
80
82
83
82
81
81
81
82
81
81
81
81
86
81
81
80
82
80
81
80
84
81
82
81
82
81
81
81
80
87
80
80
81
80
80
80
84
81
81
81
80
81
80
80
79
83
80
85
81
81
80
80
81
80
86
81
81
84
81
81
81
81
80
80
81
82
82
80
86
82
81
81
81
82
80
81
85
82
82
82
80
81
81
81
80
80
81
81
82
79
80
82
82
87
86
80
81
87
82
81
81
81
82
81
80
82
80
84
81
81
81
81
81
81
86
82
82
80
82
82
81
81
80
80
80
81
80
79
86
87
80
81
80
80
80
81
80
80
81
81
87
81
81
81
80
81
81
81
86
81
82
81
81
81
81
81
87
81
82
81
80
80
81
80
86
82
80
82
80
81
81
82
85
81
82
82
82
83
80
81
88
81
82
81
80
80
81
80
87
82
82
81
