98
95
96
97
80
83
82
95
83
83
83
79
94
95
83
95
83
82
80
96
82
83
78
96
95
83
82
94
96
96
95
95
96
95
98
96
96
98
98
81
98
95
94
99
96
84
94
96
82
97
83
81
83
81
82
82
97
83
97
79
97
83
84
78
94
83
82
96
81
84
98
83
95
98
96
95
97
82
96
95
96
83
96
83
97
83
97
98
83
94
84
96
82
83
96
83
98
84
98
94
96
83
94
82
96
98
82
98
96
83
96
94
98
83
94
83
95
80
98
83
98
82
97
95
95
84
97
96
82
97
98
83
79
84
83
81
98
96
83
81
82
84
83
96
83
83
83
96
84
79
79
82
81
97
83
82
82
99
81
83
95
96
96
83
95
84
96
94
79
96
95
96
84
97
94
96
95
95
97
93
82
95
97
95
95
95
98
96
94
95
97
95
97
94
98
84
93
93
83
95
83
83
83
95
82
81
79
84
83
98
81
83
84
82
84
83
84
83
82
83
83
84
81
84
83
80
82
83
79
81
79
83
81
83
80
84
96
95
96
83
82
83
81
96
80
84
82
81
95
97
95
96
97
97
97
98
102
102
103
102
103
99
102
98
98
100
101
99
101
100
99
101
102
98
100
98
102
102
99
102
101
101
102
98
101
102
102
102
100
100
100
102
102
102
100
100
103
103
98
101
101
103
100
103
103
98
98
99
98
99
100
98
102
100
99
100
99
100
100
102
103
100
99
103
102
101
104
100
99
102
99
100
100
98
101
102
98
99
103
99
100
101
99
100
103
100
98
103
98
103
99
101
101
101
100
99
100
99
101
103
103
102
99
99
101
99
100
101
100
101
105
99
100
99
101
98
98
99
99
101
103
103
103
100
35683
