102
104
124
125
103
102
104
102
120
124
103
98
104
104
104
106
106
106
104
124
104
124
121
121
104
105
106
102
105
103
107
102
122
121
121
122
117
116
117
99
124
106
116
100
118
102
114
123
123
124
104
115
105
120
123
121
104
103
105
120
102
123
103
104
113
118
122
101
105
116
103
121
105
106
117
101
106
117
106
121
116
105
120
104
120
119
122
105
125
108
105
99
121
102
119
123
117
102
122
122
105
105
102
105
121
125
123
120
121
120
124
117
124
119
103
105
123
104
99
116
99
105
123
123
123
101
116
103
125
127
117
127
125
125
123
124
124
124
127
119
126
124
117
117
124
126
125
125
122
126
122
124
125
119
125
119
125
123
118
127
126
118
124
124
118
127
125
126
125
123
119
123
121
118
117
124
124
118
122
124
126
123
124
124
122
123
123
118
119
127
119
126
22204
